Lefkada L                                          5000 Values (a*g)
(8F15.0)            0.01
        .002289        .001499        .000227       -.000853       -.000920       -.000158        .000415        .000294
       -.000156       -.000608       -.001017       -.001123       -.000671       -.000120       -.000101       -.000418
       -.000496       -.000418       -.000530       -.000516        .000063        .000743        .000803        .000405
        .000211        .000260        .000138       -.000175       -.000401       -.000476       -.000375        .000045
        .000584        .000619        .000014       -.000515       -.000332        .000385        .001065        .001326
        .001010        .000207       -.000595       -.000927       -.000850       -.000700       -.000543       -.000331
       -.000278       -.000529       -.000702       -.000373        .000209        .000332       -.000231       -.000870
       -.000854       -.000276       -.000068       -.000848       -.001883       -.001837       -.000585        .000483
        .000388       -.000177       -.000192        .000076       -.000166       -.000658       -.000466        .000424
        .001144        .001246        .000979        .000450       -.000427       -.001243       -.001388       -.001030
       -.000907       -.001164       -.001261       -.001050       -.000914       -.000862       -.000553       -.000271
       -.000620       -.001094       -.000333        .001692        .003211        .002976        .001758        .000747
       -.000105       -.001122       -.001719       -.001509       -.001329       -.001850       -.002253       -.001736
       -.000973       -.000690       -.000125        .001500        .003278        .004044        .004260        .004765
        .004966        .003780        .001349       -.001528       -.004403       -.006455       -.006296       -.003744
       -.000404        .002338        .004374        .005351        .004472        .002520        .001584        .001861
        .001324       -.000559       -.001610       -.000673        .000336       -.000534       -.002454       -.003434
       -.002764       -.000928        .001074        .001876        .001150        .000761        .002377        .004213
        .003050       -.000867       -.004070       -.004830       -.004552       -.004147       -.002628       -.000103
        .001320        .000694       -.000178        .000489        .002225        .003647        .004126        .003419
        .001431       -.000907       -.001760       -.000356        .002042        .003489        .003268        .002391
        .002382        .003388        .003760        .002100       -.000685       -.002731       -.003784       -.004616
       -.004590       -.002354        .001342        .004260        .006050        .008048        .009882        .009298
        .005793        .001304       -.002920       -.007021       -.010085       -.010501       -.008894       -.007287
       -.005354       -.001622        .002121        .002417        .000335        .000777        .004871        .008425
        .008989        .008630        .008265        .005221       -.001005       -.006328       -.008170       -.008665
       -.009134       -.007047       -.001635        .002965        .003913        .003907        .005773        .007625
        .006983        .005079        .003601        .001664       -.000832       -.001584       -.000616       -.001556
       -.004880       -.005326       -.000022        .005835        .005837        .000748       -.003975       -.005366
       -.003859       -.000419        .003625        .006151        .006345        .005557        .004847        .003829
        .002362        .000796       -.001545       -.005377       -.009079       -.010047       -.008070       -.004935
       -.001638        .001590        .003937        .005174        .006663        .009013        .010798        .011283
        .011704        .012089        .010231        .005775        .001781        .000200       -.000601       -.002165
       -.003621       -.004625       -.006432       -.008487       -.008188       -.005508       -.003604       -.003577
       -.003085       -.001414       -.001149       -.003246       -.004756       -.003142        .000832        .005602
        .010621        .014941        .017504        .019243        .021591        .023026        .020711        .015351
        .010589        .007634        .004066       -.002136       -.010356       -.018305       -.022066       -.017036
       -.003341        .010857        .016478        .013911        .011889        .016230        .024549        .032546
        .040020        .047836        .052595        .048171        .031957        .007697       -.017279       -.035981
       -.043164       -.035467       -.013404        .015598        .038407        .043634        .028813        .000100
       -.033093       -.061742       -.079553       -.087321       -.093959       -.107276       -.123226       -.129444
       -.119933       -.100619       -.079608       -.058798       -.037741       -.018960       -.004635        .007431
        .019743        .029947        .033504        .029421        .021064        .013660        .012101        .017478
        .024113        .024112        .016916        .010655        .012460        .021585        .033650        .046608
        .059177        .067544        .067785        .060117        .048391        .036643        .027369        .021377
        .017892        .015931        .016181        .020604        .029616        .040306        .047536        .046998
        .038515        .026936        .018509        .015699        .016324        .017411        .017585        .015807
        .010931        .003876       -.002128       -.005052       -.006321       -.008471       -.012330       -.017599
       -.024654       -.033740       -.042891       -.048815       -.050737       -.052150       -.057088       -.064845
       -.070336       -.069834       -.064460       -.057296       -.049888       -.043461       -.040879       -.044258
       -.051794       -.059277       -.063771       -.063907       -.058661       -.048325       -.035271       -.021418
       -.006132        .011489        .029963        .047159        .062768        .076853        .087278        .091158
        .088260        .081346        .073878        .068440        .066068        .065678        .064507        .060190
        .052168        .041672        .031446        .024730        .022307        .020609        .014790        .003925
       -.008667       -.019469       -.026767       -.029117       -.025475       -.017628       -.009346       -.002038
        .005699        .013166        .015692        .010146       -.000774       -.011881       -.020166       -.024061
       -.022166       -.016555       -.013930       -.018790       -.027842       -.035068       -.039780       -.044755
       -.048982       -.048224       -.041855       -.033737       -.026626       -.020298       -.015063       -.012605
       -.013612       -.017822       -.025289       -.034178       -.039157       -.036371       -.028849       -.023098
       -.021613       -.021400       -.017888       -.007207        .012241        .036248        .054969        .060427
        .052750        .037856        .022311        .012171        .011211        .016350        .018596        .012215
       -.000009       -.012527       -.022877       -.028381       -.023055       -.004322        .019167        .032598
        .028362        .011085       -.010103       -.029670       -.044530       -.049663       -.041348       -.024747
       -.012489       -.011853       -.016875       -.017199       -.011414       -.006147       -.004227       -.000668
        .008851        .021673        .032285        .038692        .042066        .042594        .038829        .031137
        .023582        .020354        .020150        .017076        .008575       -.000563       -.005158       -.007047
       -.010523       -.013753       -.012238       -.009020       -.012377       -.022007       -.026871       -.020278
       -.009369       -.004915       -.008325       -.014157       -.019370       -.023028       -.021488       -.011775
        .001873        .011822        .016548        .020380        .025074        .028449        .030684        .034393
        .037660        .035238        .028532        .026364        .032338        .039273        .040933        .041851
        .048931        .059595        .065928        .066731        .067589        .071271        .075061        .076737
        .077515        .079079        .081698        .085074        .088023        .088428        .085571        .080821
        .074131        .062768        .046407        .030429        .020202        .014230        .006725       -.004588
       -.017289       -.029308       -.040926       -.052358       -.063345       -.075147       -.089636       -.106008
       -.121003       -.132194       -.139091       -.141822       -.141409       -.140606       -.141680       -.143928
       -.145788       -.147803       -.150242       -.149462       -.141553       -.129045       -.118922       -.113347
       -.107175       -.096025       -.082063       -.069175       -.056539       -.040883       -.022965       -.007422
        .003453        .011975        .020291        .026729        .029263        .030394        .035285        .045842
        .059709        .074988        .092386        .111334        .127111        .134689        .134259        .130452
        .126328        .120621        .111998        .104019        .102892        .109790        .117881        .118856
        .110889        .098253        .084837        .071231        .057234        .043225        .028162        .009181
       -.015342       -.043758       -.072813       -.100103       -.124550       -.145428       -.161379       -.170567
       -.172498       -.169425       -.164644       -.159702       -.154756       -.150393       -.146106       -.138137
       -.123050       -.103295       -.084775       -.068486       -.048965       -.021737        .011826        .047618
        .082369        .113027        .136971        .154715        .169488        .182963        .193634        .199602
        .200505        .196599        .188090        .175180        .157377        .133970        .106924        .081588
        .062220        .047975        .034871        .020074        .003200       -.014386       -.029994       -.041832
       -.052324       -.066610       -.086043       -.105561       -.118872       -.123581       -.119902       -.108152
       -.090187       -.070672       -.053860       -.040537       -.029709       -.020718       -.011476        .002122
        .021223        .040351        .053146        .060492        .068097        .076308        .078374        .071131
        .062156        .061575        .069682        .077008        .075121        .062819        .043053        .019532
       -.002699       -.018520       -.027377       -.033725       -.040332       -.043515       -.036956       -.018748
        .006700        .032042        .051074        .061205        .063708        .061313        .055644        .047263
        .037147        .026260        .014537        .001944       -.010939       -.025196       -.043775       -.066205
       -.085797       -.096900       -.102549       -.109632       -.118461       -.123571       -.123717       -.123816
       -.126608       -.129448       -.130481       -.131587       -.133226       -.132783       -.130344       -.130032
       -.132326       -.130252       -.117537       -.097630       -.080632       -.072237       -.067344       -.054678
       -.027992        .006914        .037386        .055954        .064463        .066839        .064310        .060176
        .062762        .077766        .101282        .124607        .141890        .149293        .142446        .121584
        .096376        .079136        .074342        .078283        .086134        .094480        .098768        .093654
        .076804        .050353        .019216       -.011119       -.036549       -.055887       -.069568       -.076466
       -.074128       -.063054       -.048403       -.036154       -.029123       -.027426       -.029594       -.031495
       -.027049       -.013048        .007687        .029433        .047950        .060357        .064510        .062150
        .060434        .065314        .073730        .076187        .066992        .049030        .029555        .014912
        .008447        .008795        .010105        .007298        .000785       -.006751       -.015873       -.027811
       -.038204       -.039450       -.028824       -.009421        .015859        .044910        .071763        .088918
        .096087        .100489        .106481        .110226        .106891        .097587        .086244        .073855
        .059115        .041659        .021625       -.001679       -.028013       -.054718       -.078592       -.097902
       -.111543       -.118707       -.120782       -.121195       -.121560       -.119504       -.110892       -.092136
       -.060674       -.018396        .023421        .047834        .046259        .027142        .007034       -.005127
       -.011032       -.012691       -.005937        .012566        .035774        .049201        .044874        .029414
        .015477        .006963       -.003295       -.021716       -.044972       -.064571       -.075859       -.079590
       -.078059       -.073335       -.067831       -.064066       -.064112       -.068857       -.075168       -.074523
       -.059235       -.031924       -.005296        .009559        .012235        .009729        .007911        .008442
        .010774        .013043        .011740        .003822       -.009761       -.024180       -.035441       -.043966
       -.052145       -.058942       -.058719       -.046380       -.023158        .003529        .026918        .047722
        .071694        .098420        .116267        .114340        .097124        .079223        .066983        .055892
        .046110        .046144        .055799        .059005        .042103        .008860       -.029692       -.068050
       -.099901       -.112435       -.100931       -.080681       -.071019       -.072445       -.069917       -.053499
       -.025579        .007508        .039791        .062895        .068290        .054894        .031213        .009248
       -.003150       -.005478       -.001767        .004474        .010388        .009907       -.003161       -.024621
       -.039515       -.038584       -.029459       -.024830       -.025317       -.022148       -.011940        .000276
        .009657        .014469        .012501        .003028       -.008020       -.011858       -.006376        .003211
        .013054        .024974        .041060        .057674        .066848        .063049        .048593        .032522
        .022974        .020660        .021331        .023431        .029213        .038204        .045028        .046266
        .045067        .045653        .046735        .044423        .039079        .035318        .036384        .041570
        .047952        .051890        .050080        .042213        .032094        .023847        .017257        .008826
       -.003045       -.016068       -.027301       -.036628       -.046279       -.057639       -.069472       -.079374
       -.086374       -.091064       -.093633       -.093668       -.091905       -.089453       -.084454       -.072881
       -.054983       -.037748       -.028024       -.025532       -.025535       -.025744       -.026758       -.027811
       -.026546       -.022349       -.016646       -.010277       -.003659        .001118        .001446       -.002360
       -.006951       -.009420       -.009314       -.007100       -.002061        .007864        .023851        .043435
        .060665        .070777        .074933        .078654        .085165        .092057        .094897        .092175
        .085283        .075505        .063191        .049289        .035640        .023331        .011883        .000758
       -.009087       -.015654       -.018014       -.017535       -.016804       -.017172       -.017469       -.015615
       -.011678       -.008427       -.008154       -.009572       -.009523       -.007280       -.005306       -.005811
       -.008639       -.012697       -.017120       -.020433       -.021375       -.021472       -.024437       -.031370
       -.038656       -.042153       -.041659       -.039746       -.038141       -.036971       -.036344       -.036640
       -.038029       -.040584       -.044007       -.046700       -.046237       -.041538       -.033986       -.026148
       -.020243       -.017350       -.017046       -.017621       -.017463       -.016306       -.014846       -.013712
       -.013195       -.013116       -.012722       -.011460       -.010331       -.011185       -.014076       -.016444
       -.015627       -.011359       -.005286        .001197        .007864        .015116        .022976        .030840
        .038246        .045534        .052888        .058782        .060706        .058206        .054035        .051794
        .052971        .056508        .059985        .060673        .056859        .049211        .040266        .032123
        .025054        .018449        .011756        .004275       -.004726       -.015044       -.025317       -.034047
       -.040345       -.043682       -.043886       -.041259       -.036198       -.028599       -.018048       -.004472
        .011568        .028668        .044416        .056462        .064419        .070325        .076308        .082261
        .086349        .087121        .084269        .077853        .068202        .057022        .047392        .041683
        .039274        .037058        .032433        .025297        .017059        .008687        .000460       -.007247
       -.014379       -.021796       -.030036       -.037439       -.040950       -.039131       -.033323       -.025823
       -.018230       -.011641       -.006957       -.004167       -.002494       -.001671       -.002170       -.004118
       -.007299       -.012356       -.020322       -.030226       -.038745       -.043314       -.044874       -.046542
       -.050163       -.054956       -.058950       -.060817       -.060399       -.058345       -.055696       -.053340
       -.051291       -.048344       -.042871       -.034337       -.023861       -.013165       -.003429        .004672
        .010644        .014636        .017610        .020360        .022910        .025315        .028171        .031438
        .033560        .032926        .029843        .026361        .024309        .023981        .024266        .023707
        .021971        .020494        .020915        .022598        .022625        .018763        .011468        .002491
       -.007249       -.017368       -.026713       -.034034       -.039738       -.045523       -.051948       -.057313
       -.059384       -.057635       -.053623       -.049673       -.047141       -.045350       -.042368       -.037563
       -.032908       -.030434       -.028842       -.024717       -.017283       -.009587       -.004184       -.000241
        .003521        .005592        .004060        .000500       -.001513       -.000997        .000130        .000970
        .003093        .007702        .013589        .018664        .022002        .023812        .024825        .026430
        .030187        .036133        .042020        .045091        .044568        .042121        .040129        .039735
        .040397        .040839        .040263        .038809        .037053        .035161        .032635        .028977
        .024505        .020160        .016531        .013482        .010819        .008743        .007276        .005780
        .003541        .000453       -.003254       -.007557       -.012343       -.017007       -.020957       -.024302
       -.027681       -.031733       -.036792       -.042448       -.046979       -.048121       -.044836       -.037895
       -.028590       -.017903       -.007153        .001966        .008832        .014287        .018933        .022058
        .023188        .023389        .023814        .023843        .021855        .017173        .010473        .003186
       -.002634       -.005154       -.004617       -.003501       -.003778       -.004816       -.004939       -.003962
       -.002851       -.001834       -.000314        .001765        .004117        .007436        .012961        .020351
        .027120        .030736        .030674        .027987        .023696        .018037        .011000        .002819
       -.005915       -.014223       -.021082       -.026381       -.031271       -.036899       -.042904       -.048182
       -.052777       -.057693       -.062591       -.065193       -.063902       -.059931       -.055804       -.052590
       -.049509       -.045730       -.041196       -.036064       -.030531       -.025368       -.021841       -.020737
       -.021712       -.023730       -.025761       -.027212       -.027888       -.027695       -.026293       -.023120
       -.018102       -.012274       -.007056       -.002590        .002763        .010398        .019522        .028210
        .036161        .044887        .054856        .064119        .070839        .075802        .081093        .087004
        .091906        .094549        .094835        .092563        .087164        .079022        .069787        .060893
        .052765        .045530        .039544        .034736        .030345        .025821        .021337        .017103
        .012916        .008751        .005131        .002189       -.000907       -.004935       -.009381       -.012866
       -.014555       -.014591       -.013387       -.011166       -.008138       -.004746       -.001446        .001493
        .003946        .005898        .007474        .008795        .009650        .009392        .007474        .003992
       -.000389       -.005120       -.010131       -.015412       -.020544       -.024845       -.027660       -.028415
       -.026852       -.023756       -.020917       -.019898       -.021083       -.023999       -.027791       -.031152
       -.032946       -.033656       -.035118       -.038253       -.042162       -.046179       -.051099       -.056983
       -.061305       -.061113       -.056048       -.047757       -.037458       -.025982       -.014955       -.005765
        .002080        .009749        .016833        .022028        .025486        .028617        .031897        .034324
        .034858        .033011        .028433        .021395        .013499        .006492        .000477       -.005657
       -.012196       -.018297       -.023465       -.028024       -.032007       -.034632       -.035145       -.033393
       -.029433       -.023244       -.014909       -.004793        .006362        .017185        .026028        .032225
        .036613        .040232        .042964        .044141        .044015        .043626        .043527        .043429
        .043030        .042543        .042381        .042668        .043009        .042523        .040493        .037147
        .033553        .030525        .027903        .025042        .021618        .017722        .013401        .008405
        .002652       -.003121       -.007633       -.010538       -.013208       -.017075       -.021567       -.025087
       -.027768       -.031330       -.035968       -.039690       -.041469       -.042771       -.044746       -.046165
       -.045805       -.044881       -.045044       -.045605       -.044904       -.043246       -.042164       -.041467
       -.039215       -.034539       -.028818       -.023853       -.020044       -.016738       -.013640       -.011470
       -.011199       -.012735       -.014671       -.015656       -.015666       -.015354       -.014601       -.012773
       -.010219       -.008235       -.007136       -.005521       -.002174        .002182        .005959        .008892
        .012171        .016696        .022300        .028506        .034972        .041027        .045673        .048372
        .049268        .048745        .047462        .046373        .045592        .043638        .039167        .033091
        .027410        .022345        .016516        .009651        .003014       -.002902       -.008918       -.015097
       -.020152       -.023399       -.025618       -.027601       -.029314       -.030643       -.031422       -.030569
       -.026657       -.019585       -.010721       -.001603        .006599        .012854        .016732        .018773
        .019678        .019802        .019851        .020833        .022557        .023638        .023757        .024172
        .025053        .024319        .020517        .014971        .009539        .004110       -.001951       -.007550
       -.011100       -.012827       -.014018       -.014944       -.015152       -.014941       -.014958       -.014918
       -.014201       -.013181       -.012735       -.012905       -.013034       -.012730       -.011814       -.009925
       -.007156       -.004476       -.002665       -.001368        .000089        .001618        .002828        .003783
        .004525        .004744        .004722        .005738        .008390        .011316        .012610        .011836
        .009731        .006729        .002844       -.001681       -.006717       -.012520       -.018671       -.023505
       -.025794       -.026363       -.026861       -.027502       -.027325       -.026142       -.024772       -.023454
       -.021536       -.018863       -.016203       -.013953       -.011583       -.008811       -.006416       -.005155
       -.004561       -.003324       -.000494        .004168        .010454        .017678        .024804        .031220
        .037232        .043366        .049404        .054550        .058281        .060649        .061933        .062358
        .062009        .060759        .058478        .055487        .052286        .048619        .043437        .036481
        .029318        .023937        .020600        .017840        .014220        .009209        .002699       -.005061
       -.013073       -.020238       -.026631       -.033225       -.040217       -.046547       -.051242       -.054289
       -.055931       -.055955       -.054111       -.050616       -.046081       -.041402       -.037544       -.034717
       -.032008       -.028644       -.025338       -.023461       -.023346       -.024335       -.025924       -.027545
       -.027849       -.025829       -.022344       -.019022       -.015979       -.012159       -.007583       -.003499
       -.000368        .002628        .005942        .009032        .011548        .013926        .016423        .018600
        .020013        .020732        .020996        .020759        .019636        .017191        .013447        .009203
        .005469        .002690        .000910        .000427        .001486        .003494        .005411        .006932
        .008558        .010565        .012546        .013998        .014763        .014988        .015000        .015004
        .014724        .013775        .012478        .011647        .011409        .011173        .010785        .010649
        .010565        .009720        .008119        .006747        .005921        .004805        .002998        .001332
        .000436       -.000288       -.001562       -.003143       -.004538       -.005908       -.007623       -.009581
       -.011520       -.013328       -.014775       -.015539       -.015738       -.015797       -.015731       -.015206
       -.014317       -.013493       -.012640       -.011229       -.009469       -.008544       -.009360       -.011693
       -.014814       -.018291       -.021785       -.024623       -.026111       -.025996       -.024437       -.021856
       -.018985       -.016530       -.014423       -.011802       -.008071       -.003567        .001166        .006297
        .012302        .018976        .025412        .030758        .034562        .036782        .037926        .038727
        .039060        .037818        .034683        .031319        .029593        .029023        .027367        .023574
        .018718        .014079        .009734        .005285        .000674       -.004100       -.009006       -.013359
       -.016030       -.016609       -.015845       -.014863       -.014329       -.014098       -.013159       -.010457
       -.006374       -.002849       -.001391       -.001655       -.002566       -.003890       -.005796       -.007766
       -.009152       -.010146       -.011146       -.011654       -.010824       -.008787       -.006604       -.005190
       -.004856       -.005446       -.006333       -.006662       -.006111       -.005120       -.004157       -.003196
       -.002049       -.000642        .001190        .003634        .006410        .008738        .009852        .009357
        .007335        .004488        .001710       -.000933       -.004330       -.008834       -.013387       -.016862
       -.019520       -.022134       -.024399       -.025375       -.025007       -.023986       -.022517       -.020356
       -.017776       -.015372       -.013093       -.010560       -.008149       -.006615       -.005658       -.003915
       -.000677        .003175        .006300        .008365        .010048        .011888        .013597        .014469
        .014187        .013024        .011339        .009124        .006206        .002761       -.000594       -.003275
       -.005072       -.005881       -.005344       -.003154        .000206        .003617        .006531        .009600
        .013595        .018177        .022412        .026111        .029824        .033718        .037255        .039747
        .040505        .038932        .035426        .031656        .028822        .026113        .022024        .016573
        .010862        .005122       -.001161       -.007512       -.012584       -.016041       -.018875       -.021684
       -.023806       -.024325       -.023110       -.020665       -.017633       -.014511       -.011485       -.008593
       -.006127       -.004431       -.003201       -.001644        .000349        .001817        .001869        .000658
       -.001087       -.002955       -.004885       -.006781       -.008579       -.010487       -.012848       -.015707
       -.018614       -.020827       -.021786       -.021529       -.020587       -.019409       -.017931       -.015829
       -.013051       -.009895       -.006468       -.002379        .002647        .007954        .012289        .015106
        .016966        .018394        .019015        .018367        .016888        .015326        .013663        .011447
        .008859        .006636        .005167        .004343        .003965        .003689        .002936        .001591
        .000369       -.000207       -.000697       -.001752       -.002758       -.002595       -.001459       -.000591
       -.000260        .000666        .002835        .005383        .007369        .009105        .011202        .013205
        .014245        .014497        .014862        .015455        .015448        .014338        .012496        .010524
        .008775        .007445        .006433        .005295        .003879        .002686        .002000        .001244
       -.000019       -.001139       -.001454       -.001633       -.002719       -.004342       -.005148       -.004659
       -.003492       -.002109       -.000618        .000431        .000292       -.000965       -.002656       -.004492
       -.006560       -.008647       -.010488       -.012368       -.014569       -.016581       -.017746       -.018327
       -.018966       -.019364       -.018533       -.016291       -.013619       -.011395       -.009468       -.007271
       -.004912       -.003219       -.002713       -.002808       -.002312       -.000732        .001286        .002945
        .004306        .005969        .008076        .010157        .011750        .012693        .012853        .012136
        .010871        .009793        .009324        .009055        .008163        .006312        .003993        .001998
        .000650       -.000457       -.001988       -.004171       -.006545       -.008523       -.010113       -.011703
       -.013137       -.013553       -.012638       -.011432       -.011086       -.011172       -.010365       -.008732
       -.007966       -.008924       -.010242       -.010162       -.008740       -.007199       -.005884       -.004108
       -.001584        .001146        .003708        .006376        .009390        .012391        .014658        .015604
        .015091        .013557        .011665        .009605        .007039        .003948        .001082       -.000824
       -.001889       -.002800       -.004030       -.005591       -.007227       -.008608       -.009622       -.010521
       -.011404       -.011715       -.010948       -.009638       -.008740       -.008141       -.006947       -.005229
       -.004126       -.003893       -.003254       -.001256        .001426        .003744        .005699        .007674
        .009304        .010013        .010076        .010249        .010680        .010831        .010319        .009408
        .008738        .008705        .008935        .008542        .007221        .005799        .005215        .005210
        .004786        .003698        .002666        .002205        .002123        .002189        .002495        .002975
        .003319        .003527        .003934        .004462        .004391        .003145        .000878       -.001945
       -.005160       -.008785       -.012464       -.015411       -.016982       -.017249       -.016901       -.016551
       -.016253       -.015820       -.015329       -.014914       -.014175       -.012460       -.009839       -.007167
       -.004886       -.002386        .000998        .004856        .008260        .011134        .014356        .018445
        .022756        .026207        .028382        .029606        .030153        .029742        .027883        .024521
        .020311        .016291        .013261        .011276        .009688        .007876        .005954        .004509
        .003569        .002259       -.000169       -.003336       -.006171       -.008060       -.009100       -.009373
       -.008676       -.007131       -.005473       -.004397       -.003876       -.003568       -.003654       -.004750
       -.006909       -.009284       -.011158       -.012865       -.015086       -.017538       -.019161       -.019586
       -.019524       -.019422       -.018589       -.016255       -.012957       -.010100       -.008302       -.006842
       -.004831       -.002428       -.000587        .000122        .000006       -.000371       -.000884       -.001749
       -.003044       -.004634       -.006308       -.007754       -.008600       -.008811       -.008808       -.008878
       -.008754       -.008072       -.006890       -.005364       -.003286       -.000565        .002277        .004714
        .007010        .009622        .012063        .013240        .012861        .011636        .010129        .008274
        .006179        .004387        .002871        .000587       -.003260       -.007946       -.011856       -.014158
       -.015276       -.015921       -.016154       -.015471       -.013494       -.010462       -.007161       -.004313
       -.001969        .000379        .002999        .005475        .007304        .008639        .010005        .011392
        .012146        .011902        .011123        .010436        .009848        .009038        .008148        .007667
        .007586        .007284        .006407        .005342        .004540        .003895        .003170        .002521
        .002148        .001865        .001622        .001999        .003423        .005211        .006344        .006977
        .008149        .009968        .011267        .011366        .011080        .011438        .012269        .012720
        .012504        .011981        .011502        .011300        .011633        .012489        .013377        .013861
        .014086        .014398        .014744        .014751        .014248        .013425        .012692        .012441
        .012723        .013099        .013154        .013077        .013279        .013487        .012818        .010779
        .007772        .004560        .001689       -.000601       -.002415       -.004126       -.005873       -.007253
       -.007933       -.008303       -.008918       -.009557       -.009563       -.009018       -.008747       -.009084
       -.009421       -.009217       -.008731       -.008350       -.007784       -.006612       -.005239       -.004506
       -.004456       -.004335       -.003978       -.004312       -.005953       -.008110       -.009566       -.010326
       -.011489       -.013649       -.016126       -.017839       -.018423       -.018358       -.018234       -.018094
       -.017469       -.016018       -.014057       -.012359       -.011560       -.011837       -.012912       -.014238
       -.015394       -.016459       -.017667       -.018702       -.018880       -.018101       -.016982       -.015949
       -.014903       -.013886       -.013217       -.012756       -.011848       -.010245       -.008422       -.006787
       -.005273       -.003767       -.002289       -.000798        .000582        .001330        .001231        .000960
        .001160        .001448        .001359        .001717        .003706        .006809        .009180        .010051
        .010434        .011188        .011724        .011202        .009946        .008909        .008295        .007537
        .006364        .005167        .004277        .003458        .002372        .001110       -.000172       -.001775
       -.004020       -.006357       -.007633       -.007435       -.006498       -.005518       -.004164       -.001653
        .002130        .006473        .010434        .013346        .015113        .016243        .017302        .018315
        .019013        .019475        .019881        .019895        .019116        .018027        .017554        .017673
        .017427        .016401        .015186        .014283        .013481        .012493        .011356        .010032
        .008390        .006669        .005301        .004292        .003391        .002694        .002388        .002124
        .001362        .000149       -.001090       -.002352       -.003995       -.006113       -.008554       -.011282
       -.014182       -.016780       -.018632       -.019714       -.020042       -.019360       -.017610       -.015276
       -.012765       -.009895       -.006419       -.002600        .001168        .004773        .007960        .010120
        .011134        .011831        .012878        .013709        .013379        .012005        .010354        .008370
        .005349        .001519       -.001905       -.004390       -.006597       -.008926       -.010896       -.012418
       -.014277       -.016598       -.018177       -.018251       -.017718       -.017568       -.017278       -.016000
       -.014272       -.013163       -.012512       -.011433       -.010000       -.009063       -.008781       -.008541
       -.008086       -.007649       -.007135       -.006111       -.004565       -.002977       -.001670       -.000586
        .000391        .001292        .002182        .003262        .004924        .007564        .011052        .014637
        .017794        .020780        .023732        .025857        .026476        .026301        .026403        .026341
        .024787        .021755        .018600        .015896        .012940        .009515        .006418        .003836
        .000839       -.002880       -.006270       -.008716       -.011175       -.014404       -.017299       -.018354
       -.017935       -.017589       -.017598       -.016726       -.014436       -.011920       -.010492       -.009892
       -.008795       -.006464       -.003411       -.000667        .001340        .003203        .005724        .008667
        .010842        .011805        .012622        .014146        .015350        .014690        .012608        .011114
        .010947        .010794        .009514        .007687        .006357        .005456        .004180        .002155
       -.000360       -.002926       -.005265       -.007414       -.009613       -.011714       -.013149       -.013982
       -.015416       -.018319       -.021658       -.023570       -.023769       -.023620       -.023875       -.023602
       -.021740       -.018501       -.014692       -.010651       -.006591       -.003154       -.000743        .001153
        .003061        .004489        .004692        .004113        .003953        .004438        .004647        .004125
        .003545        .003492        .003593        .003375        .003069        .003010        .002996        .002777
        .002595        .002772        .003322        .004319        .005982        .008069        .009911        .011427
        .013343        .015889        .018053        .018870        .018768        .018854        .019240        .019086
        .018092        .016976        .016134        .014689        .011635        .007555        .004286        .002722
        .001746       -.000146       -.002859       -.005050       -.005993       -.006171       -.006134       -.005799
       -.005086       -.004345       -.003754       -.002930       -.001707       -.000784       -.001006       -.002234
       -.003442       -.003902       -.003884       -.004136       -.004964       -.006002       -.006831       -.007535
       -.008492       -.009724       -.010724       -.010998       -.010584       -.009957       -.009493       -.009010
       -.007992       -.006377       -.004896       -.004181       -.003715       -.002378       -.000028        .002286
        .003778        .004759        .005709        .006511        .006990        .007297        .007303        .006549
        .005184        .004032        .003260        .002057        .000097       -.001766       -.002883       -.003859
       -.005424       -.007097       -.007829       -.007400       -.006484       -.005656       -.004898       -.003866
       -.002347       -.000588        .000740        .001112        .000693        .000158        .000023        .000329
        .000765        .000997        .001073        .001492        .002523        .003600        .004027        .004196
        .005204        .007203        .009081        .010041        .010496        .011057        .011640        .012097
        .012727        .013504        .013671        .012856        .011740        .010901        .009785        .007711
        .005101        .002787        .000788       -.001261       -.003234       -.005050       -.007355       -.010394
       -.012937       -.013703       -.013250       -.012937       -.012686       -.011497       -.009741       -.008875
       -.009038       -.008855       -.007752       -.006576       -.005731       -.004571       -.003003       -.001916
       -.001489       -.000676        .000970        .002346        .002436        .001705        .001130        .000784
        .000150       -.000768       -.001481       -.001851       -.002283       -.003004       -.003550       -.003282
       -.002287       -.001385       -.001071       -.000907       -.000301        .000555        .000992        .000781
        .000248       -.000228       -.000445       -.000336        .000013        .000491        .001045        .001378
        .000943       -.000166       -.000828       -.000257        .000754        .000985        .000520        .000172
       -.000078       -.000628       -.000920       -.000136        .001281        .002239        .002559        .002600
        .002038        .000495       -.001303       -.002385       -.002938       -.003686       -.004625       -.005376
       -.005936       -.006197       -.005737       -.004886       -.004800       -.005733       -.006475       -.006150
       -.005282       -.004467       -.003411       -.001891       -.000352        .001008        .002609        .004592
        .006638        .008613        .010284        .010779        .009718        .008356        .008014        .007905
        .006424        .004050        .002847        .003243        .003522        .002629        .001396        .000611
       -.000164       -.001167       -.001492       -.000555        .000738        .001216        .001000        .000961
        .001192        .000831       -.000736       -.003050       -.005036       -.006125       -.006753       -.007684
       -.009026       -.010329       -.011547       -.013189       -.015292       -.017017       -.017692       -.017590
       -.017116       -.015983       -.013930       -.011542       -.009453       -.007380       -.004806       -.002067
        .000288        .002624        .005623        .008970        .011751        .013828        .015677        .017130
        .017439        .016546        .015344        .014488        .013717        .012449        .010535        .008284
        .006041        .003853        .001580       -.000585       -.001946       -.002137       -.001730       -.001363
       -.000671        .001040        .003345        .005078        .005980        .006774        .007672        .008005
        .007583        .007193        .007419        .007939        .008274        .008406        .008346        .007829
        .006788        .005487        .004085        .002545        .000981       -.000436       -.001786       -.003005
       -.003433       -.002592       -.001220       -.000614       -.000944       -.001254       -.001128       -.001145
       -.001487       -.001446       -.000862       -.000805       -.001946       -.003377       -.003888       -.003518
       -.003044       -.002820       -.002907       -.003415       -.003916       -.003498       -.002107       -.000925
       -.000596       -.000296        .000634        .001381        .001041        .000101       -.000499       -.000752
       -.000915       -.000702       -.000226       -.000696       -.002892       -.005794       -.007889       -.009025
       -.009890       -.010550       -.010632       -.010409       -.010376       -.010174       -.009053       -.007210
       -.005664       -.004815       -.003990       -.002610       -.001057       -.000097        .000201        .000427
        .000933        .001528        .002138        .003126        .004566        .005754        .006171        .006389
        .007302        .008774        .009988        .010868        .012090        .013760        .015162        .015847
        .015994        .015592        .014392        .012756        .011483        .010624        .009457        .007795
        .006291        .005164        .003753        .001664       -.000497       -.002046       -.003197       -.004586
       -.006238       -.007443       -.007571       -.006836       -.006063       -.005650       -.005019       -.003630
       -.002231       -.002087       -.003087       -.003755       -.003336       -.002656       -.002533       -.002648
       -.002469       -.002184       -.002089       -.002021       -.002009       -.002526       -.003590       -.004517
       -.005101       -.006173       -.008391       -.011227       -.013691       -.015459       -.016762       -.017724
       -.018269       -.018296       -.017527       -.015689       -.013185       -.011208       -.010669       -.011123
       -.011166       -.009910       -.007759       -.005702       -.004165       -.002823       -.001299        .000314
        .001659        .002616        .003472        .004683        .006498        .008728        .010892        .012533
        .013414        .013537        .013118        .012469        .011750        .010887        .009707        .007984
        .005449        .002256       -.000599       -.002042       -.002321       -.002820       -.004203       -.005634
       -.006243       -.006368       -.006600       -.006543       -.005492       -.003772       -.002396       -.001566
       -.000374        .001957        .005096        .008031        .010188        .011825        .013316        .014378
        .014418        .013509        .012471        .011877        .011499        .010888        .010038        .009276
        .008907        .009029        .009363        .009383        .008921        .008417        .008277        .008380
        .008518        .008720        .008815        .008397        .007573        .006889        .006234        .004819
        .002617        .000694       -.000334       -.000953       -.001514       -.001668       -.001476       -.001726
       -.002636       -.003516       -.004120       -.005005       -.006253       -.007173       -.007644       -.008354
       -.009331       -.009608       -.008796       -.007746       -.007261       -.007225       -.007242       -.007050
       -.006204       -.004419       -.002302       -.000729        .000445        .002031        .003952        .005206
        .005335        .004879        .004240        .003248        .001972        .000916        .000069       -.001263
       -.003283       -.005198       -.006375       -.007185       -.008114       -.008673       -.008007       -.006213
       -.004288       -.002867       -.001739       -.000619        .000232        .000481        .000273       -.000132
       -.000959       -.002681       -.005226       -.007865       -.009967       -.011555       -.013070       -.014736
       -.016258       -.017047       -.016843       -.016152       -.015829       -.016040       -.015980       -.014846
       -.012783       -.010415       -.007884       -.004889       -.001497        .001690        .004240        .006362
        .008540        .010854        .012721        .013497        .013345        .013224        .013640        .013832
        .012863        .011126        .009729        .008668        .006887        .004217        .001791        .000230
       -.001129       -.002676       -.003550       -.003007       -.001560        .000083        .002142        .004968
        .007978        .010417        .012533        .014990        .017567        .019364        .020071        .020249
        .020236        .019575        .017733        .014950        .011926        .008851        .005329        .001348
       -.002325       -.005032       -.007080       -.009120       -.011186       -.012850       -.013893       -.014322
       -.014118       -.013534       -.013139       -.013022       -.012627       -.011752       -.010989       -.010572
       -.009759       -.008103       -.006378       -.005422       -.004975       -.004512       -.004362       -.004934
       -.005708       -.005911       -.005500       -.004753       -.003734       -.002894       -.003163       -.004458
       -.005087       -.003660       -.000932        .001340        .002665        .003794        .004978        .005633
        .005561        .005303        .005006        .004069        .002183       -.000052       -.002046       -.004106
       -.006765       -.009574       -.011404       -.011864       -.011798       -.012080       -.012660       -.013072
       -.013243       -.013297       -.013056       -.012326       -.011352       -.010455       -.009510       -.008124
       -.006183       -.003872       -.001420        .000916        .002936        .004793        .006915        .009427
        .011865        .013601        .014304        .014086        .013477        .013078        .012915        .012442
        .011485        .010710        .010613        .010723        .010451        .010086        .010021        .009628
        .008120        .006137        .005193        .005693        .006676        .007525        .008668        .010416
        .012271        .013712        .014807        .015666        .016054        .015927        .015665        .015462
        .014984        .013982        .012792        .011875        .011143        .010069        .008392        .006446
        .004728        .003280        .001663       -.000383       -.002506       -.004185       -.005381       -.006393
       -.007320       -.008163       -.009229       -.010769       -.012376       -.013424       -.013984       -.014574
       -.015121       -.014975       -.013955       -.012534       -.011045       -.009484       -.008102       -.007349
       -.007160       -.007099       -.007211       -.007966       -.009307       -.010532       -.011241       -.011752
       -.012473       -.013335       -.013966       -.014120       -.013897       -.013682       -.013698       -.013609
       -.012917       -.011647       -.010183       -.008571       -.006662       -.004802       -.003551       -.002834
       -.002148       -.001424       -.000860       -.000126        .001270        .003015        .004321        .005028
        .005565        .006021        .006101        .005761        .005194        .004521        .004056        .004434
        .005827        .007550        .008934        .010032        .011002        .011510        .011280        .010607
        .009770        .008602        .007138        .006086        .006104        .006996        .008028        .008744
        .009274        .010075        .011463        .013161        .014470        .015054        .015233        .015213
        .014611        .013151        .011314        .009716        .008351        .007004        .005841        .004958
        .003912        .002389        .000824       -.000332       -.001471       -.003240       -.005464       -.007493
       -.009242       -.011051       -.012681       -.013369       -.012999       -.012463       -.012565       -.013123
       -.013524       -.013733       -.014308       -.015507       -.016853       -.017652       -.017606       -.016768
       -.015261       -.013428       -.011883       -.010942       -.010153       -.008924       -.007500       -.006720
       -.006796       -.006917       -.006167       -.004499       -.002678       -.001504       -.001061       -.000605
        .000621        .002377        .003699        .004303        .005023        .006471        .008105        .009149
        .009629        .009926        .010073        .010173        .010624        .011303        .011429        .010843
        .010503        .010997        .011545        .011252        .010375        .009537        .008642        .007393
        .006157        .005445        .005144        .004843        .004381        .003729        .002969        .002608
        .003226        .004591        .005871        .006714        .007442        .008187        .008724        .009121
        .009658        .010022        .009514        .008180        .006969        .006484        .006373        .006132
        .005722        .005095        .003857        .001975        .000290       -.000349       -.000159       -.000104
       -.000637       -.001393       -.002033       -.002713       -.003607       -.004574       -.005518       -.006587
       -.007734       -.008649       -.009275       -.009916       -.010614       -.010960       -.010856       -.010891
       -.011524       -.012320       -.012432       -.011775       -.011198       -.011447       -.012237       -.012679
       -.012556       -.012573       -.013080       -.013341       -.012795       -.012319       -.012940       -.013938
       -.013781       -.012670       -.012333       -.013212       -.013711       -.012673       -.010819       -.009187
       -.007684       -.005960       -.004290       -.002759       -.000734        .002008        .004635        .006416
        .007713        .009121        .010497        .011500        .012389        .013561        .014759        .015421
        .015554        .015665        .015964        .016113        .015883        .015610        .015726        .016140
        .016466        .016762        .017519        .018806        .019987        .020492        .020477        .020332
        .019951        .018920        .017160        .014926        .012404        .009733        .007278        .005336
        .003681        .001892        .000061       -.001340       -.002305       -.003467       -.005184       -.006912
       -.007757       -.007510       -.006829       -.006527       -.006820       -.007231       -.007156       -.006501
       -.005683       -.005112       -.004885       -.005022       -.005504       -.005974       -.005937       -.005557
       -.005758       -.007146       -.009202       -.010970       -.012128       -.013066       -.014228       -.015730
       -.017293       -.018348       -.018498       -.018021       -.017511       -.016987       -.015899       -.014076
       -.011992       -.009996       -.007972       -.005906       -.004096       -.002564       -.000871        .001154
        .003063        .004368        .005147        .005822        .006610        .007344        .007672        .007405
        .006787        .006229        .005632        .004381        .002420        .000747        .000130       -.000173
       -.001317       -.002854       -.003207       -.002193       -.001477       -.002057       -.002833       -.002516
       -.001534       -.000876       -.000261        .001110        .002853        .003883        .004092        .004276
        .004844        .005609        .006418        .007105        .007310        .007099        .007105        .007438
        .007325        .006445        .005529        .004945        .003873        .001837       -.000077       -.000650
       -.000224        .000066       -.000081       -.000283       -.000555       -.001225       -.002159       -.002863
       -.003175       -.003324       -.003420       -.003297       -.002863       -.002416       -.002427       -.002938
       -.003412       -.003443       -.003353       -.003628       -.004056       -.004125       -.004024       -.004392
       -.005216       -.005813       -.005857       -.005572       -.005023       -.004087       -.003061       -.002386
       -.001870       -.001016        .000024        .000736        .001247        .002016        .002756        .002808
        .002434        .002538        .003144        .003393        .003071        .002896        .003098        .002961
        .002076        .000910       -.000238       -.001715       -.003467       -.004512       -.004148       -.002982
       -.002135       -.001928       -.001818       -.001302       -.000520       -.000084       -.000443       -.001319
       -.001968       -.002087       -.002132       -.002555       -.003244       -.003978       -.004820       -.005627
       -.005837       -.005239       -.004344       -.003476       -.002191       -.000205        .001812        .003203
        .004509        .006793        .010002        .012957        .014909        .016367        .018127        .020054
        .021264        .021282        .020495        .019426        .018108        .016525        .015063        .013905
        .012380        .009719        .006221        .002874        .000050       -.002560       -.005064       -.007342
       -.009690       -.012390       -.014860       -.016281       -.016850       -.017298       -.017488       -.016760
       -.015425       -.014423       -.013657       -.012138       -.009826       -.007829       -.006604       -.005368
       -.003636       -.001985       -.000940       -.000169        .000644        .001167        .001194        .001166
        .001389        .001529        .001393        .001471        .001994        .002212        .001365       -.000088
       -.001033       -.001184       -.001172       -.001358       -.001492       -.001543       -.001945       -.002659
       -.002964       -.002623       -.002415       -.002869       -.003231       -.002529       -.001095       -.000123
       -.000128       -.000601       -.000999       -.001300       -.001653       -.002110       -.002705       -.003487
       -.004459       -.005488       -.006245       -.006355       -.005949       -.005655       -.005577       -.004900
       -.003266       -.001776       -.001579       -.002110       -.002047       -.001323       -.000810       -.000546
        .000139        .001079        .001484        .001443        .001692        .002148        .002107        .001774
        .001977        .002533        .002430        .001637        .001176        .001365        .001464        .001305
        .001637        .002618        .003417        .003889        .005162        .007715        .010209        .011235
        .011128        .010941        .010675        .009880        .009041        .008903        .009021        .008439
        .007281        .006308        .005432        .004098        .002559        .001405        .000286       -.001358
       -.002881       -.003310       -.003095       -.003388       -.004048       -.003945       -.002906       -.001776
       -.000955       -.000271        .000136        .000210        .000704        .002146        .003653        .004159
        .004149        .004727        .005551        .005341        .004065        .002942        .002436        .001786
        .000615       -.000434       -.000999       -.001647       -.002771       -.003820       -.004206       -.004214
       -.004355       -.004407       -.003791       -.002522       -.001194       -.000212        .000436        .000926
        .001522        .002430        .003312        .003453        .002877        .002670        .003456        .004312
        .004085        .003108        .002526        .002510        .002401        .002176        .002399        .002973
        .003204        .003050        .003123        .003523        .003742        .003674        .003794        .004275
        .004752        .004962        .004939        .004654        .004067        .003469        .003252        .003385
        .003483        .003270        .002716        .001892        .000940        .000055       -.000743       -.001658
       -.002851       -.004170       -.005210       -.005614       -.005419       -.005091       -.005084       -.005319
       -.005302       -.004743       -.003853       -.003068       -.002745       -.002982       -.003359       -.003053
       -.001721       -.000228        .000130       -.000825       -.001952       -.002268       -.002027       -.002067
       -.002613       -.003174       -.003337       -.003228       -.003195       -.003291       -.003280       -.003149
       -.003359       -.004204       -.005109       -.005170       -.004488       -.004197       -.004751       -.005043
       -.004053       -.002592       -.002197       -.002732       -.002585       -.001233       -.000042       -.000107
       -.000699       -.000652       -.000110        .000132        .000111        .000423        .001023        .001328
        .001230        .001079        .000860        .000168       -.000979       -.001912       -.002061       -.001633
       -.001351       -.001614       -.002022       -.001903       -.001210       -.000548       -.000266        .000026
        .000729        .001556        .001966        .001874        .001582        .001337        .001369        .001936
        .002878        .003486        .003264        .002602        .002323        .002661        .003002        .002598
        .001430        .000261       -.000226       -.000169       -.000110       -.000058        .000392        .001022
        .001021        .000208       -.000576       -.000689       -.000470       -.000428       -.000486       -.000458
       -.000517       -.000759       -.000936       -.001030       -.001403       -.002076       -.002490       -.002326
       -.002028       -.002259       -.003188       -.004427       -.005246       -.005045       -.003989       -.002999
       -.002703       -.002758       -.002625       -.002427       -.002374       -.002074       -.001257       -.000621
       -.000837       -.001274       -.000829        .000356        .001156        .001185        .001137        .001528
        .002175        .002753        .003044        .002781        .002064        .001689        .002134        .002576
        .001969        .000753        .000279        .000654        .000666       -.000084       -.000549       -.000219
       -.000189       -.001361       -.002859       -.003420       -.003229       -.003224       -.003359       -.002974
       -.002273       -.001999       -.001991       -.001434       -.000363        .000370        .000615        .001041
        .001787        .002226        .002202        .002348        .002951        .003528        .003804        .004124
        .004620        .004779        .004360        .004012        .004437        .005362        .005869        .005573
        .004974        .004616        .004369        .003752        .002761        .001888        .001315        .000635
       -.000411       -.001458       -.002079       -.002400       -.002670       -.002724       -.002341       -.001852
       -.001795       -.002147       -.002365       -.002195       -.001987       -.002121       -.002345       -.002055
       -.001150       -.000273        .000030        .000005        .000112        .000083       -.000627       -.001635
       -.001821       -.000923       -.000011       -.000050       -.000778       -.001425       -.001880       -.002637
       -.003906       -.005214       -.005819       -.005472       -.004662       -.003983       -.003397       -.002518
       -.001392       -.000306        .000995        .002942        .005041        .006151        .006082        .005948
        .006663        .007899        .008805        .009025        .008767        .008374        .008032        .007643
        .006969        .005988        .004837        .003502        .002063        .001081        .000886        .000607
       -.000918       -.003261       -.004747       -.004870       -.004964       -.005990       -.007105       -.007153
       -.006397       -.005851       -.005709       -.005367       -.004506       -.003434       -.002567       -.002079
       -.001971       -.002188       -.002647       -.003271       -.004031       -.004960       -.005969       -.006659
       -.006640       -.006227       -.006299       -.006989       -.007147       -.005892       -.004107       -.003295
       -.003354       -.002845       -.001303        .000133        .000578        .000501        .000611        .000863
        .001175        .001973        .003223        .003867        .003150        .001850        .001214        .001139
        .000472       -.001098       -.002604       -.003361       -.003915       -.004910       -.005869       -.005880
       -.005056       -.004361       -.004150       -.003751       -.002691       -.001459       -.000632        .000097
        .001391        .003188        .004839        .006052        .007033        .007882        .008509        .009101
        .009934        .010660        .010559        .009681        .008995        .009059        .009203        .008520
        .007068        .005535        .004136        .002603        .001031       -.000077       -.000686       -.001402
       -.002495       -.003323       -.003259       -.002667       -.002276       -.001842       -.000418        .001942
        .003883        .004633        .005138        .006422        .007725        .007584        .006099        .004737
        .004184        .003858        .003380        .003073        .002919        .002417        .001565        .000827
        .000053       -.001233       -.002508       -.002685       -.001914       -.001441       -.001559       -.001249
       -.000156        .000821        .001208        .001607        .002212        .002263        .001628        .001399
        .002106        .002741        .002314        .001275        .000514        .000080       -.000319       -.000560
       -.000650       -.001099       -.001976       -.002401       -.001814       -.000877       -.000474       -.000493
       -.000288        .000309        .001058        .001745        .002028        .001526        .000464       -.000262
       -.000207        .000080       -.000025       -.000407       -.000725       -.001054       -.001615       -.002357
       -.003192       -.004030       -.004539       -.004483       -.004390       -.005085       -.006427       -.007378
       -.007529       -.007560       -.007944       -.008138       -.007644       -.006924       -.006570       -.006229
       -.005153       -.003459       -.002130       -.001798       -.002117       -.002346       -.002292       -.002395
       -.002918       -.003382       -.003112       -.002194       -.001430       -.001264       -.001330       -.001135
       -.000813       -.000876       -.001483       -.002227       -.002541       -.002228       -.001614       -.001041
       -.000316        .001062        .002908        .004201        .004383        .004206        .004681        .005633
        .006072        .005710        .005241        .005295        .005749        .006098        .006038        .005652
        .005321        .005343        .005525        .005440        .005052        .004676        .004172        .002967
        .001178       -.000099       -.000234       -.000019       -.000462       -.001190       -.001135       -.000191
        .000765        .001264        .001553        .001664        .001345        .001004        .001486        .002639
        .003193        .002633        .001988        .002113        .002291        .001478        .000001       -.001077
       -.001582       -.002066       -.002651       -.003068       -.003464       -.004104       -.004581       -.004352
       -.003784       -.003653       -.003862       -.003579       -.002550       -.001311       -.000303        .000450
        .000946        .001218        .001532        .001997        .002179        .001689        .000712       -.000366
       -.001453       -.002400       -.002813       -.002734       -.002874       -.003591       -.004358       -.004716
       -.005029       -.005598       -.005921       -.005544       -.004921       -.004675       -.004624       -.004269
       -.003605       -.002784       -.001666       -.000316        .000576        .000544        .000091        .000027
        .000494        .001192        .001955        .002614        .002772        .002385        .001995        .001928
        .001784        .001246        .000702        .000474        .000106       -.000830       -.001815       -.002073
       -.001753       -.001642       -.002041       -.002672       -.003348       -.003995       -.004347       -.004289
       -.004269       -.004659       -.005118       -.005150       -.004810       -.004210       -.002971       -.001064
        .000460        .000723        .000470        .001074        .002410        .003124        .002873        .002807
        .003588        .004341        .004137        .003401        .003064        .003211        .003280        .003079
        .002895        .002834        .002682        .002342        .001993        .001801        .001677        .001494
        .001400        .001686        .002270        .002562        .002128        .001322        .000900        .001163
        .001840        .002650        .003472        .004079        .004180        .003716        .002844        .001745
        .000690       -.000018       -.000484       -.001205       -.002274       -.003089       -.003270       -.003299
       -.003676       -.004056       -.003952       -.003721       -.003950       -.004338       -.004155       -.003534
       -.003227       -.003298       -.003069       -.002370       -.001774       -.001445       -.000773        .000490
        .001625        .001951        .001781        .001820        .002123        .002263        .002151        .002113
        .002302        .002601        .002992        .003496        .003770        .003358        .002447        .001820
        .001853        .002019        .001670        .000899        .000355        .000479        .001181        .002015
        .002453        .002240        .001677        .001339        .001392        .001438        .001167        .000750
        .000427        .000097       -.000349       -.000657       -.000572       -.000360       -.000493       -.000959
       -.001274       -.001199       -.001033       -.001079       -.001199       -.001153       -.001047       -.001091
       -.001077       -.000617        .000146        .000533        .000192       -.000427       -.000656       -.000361
        .000134        .000542        .000778        .000747        .000384       -.000164       -.000679       -.001155
       -.001712       -.002221       -.002336       -.002011       -.001693       -.001812       -.002195       -.002250
       -.001729       -.001022       -.000671       -.000761       -.000915       -.000808       -.000517       -.000353
       -.000325       -.000017        .000765        .001474        .001487        .001143        .001388        .002286
        .002844        .002554        .002149        .002266        .002445        .002253        .002289        .003012
        .003558        .002951        .001761        .001179        .001240        .001213        .001077        .001294
        .001708        .001903        .002084        .002484        .002600        .002008        .001283        .001109
        .001231        .001191        .001256        .001712        .002076        .001842        .001336        .001084
        .001169        .001610        .002496        .003391        .003597        .003315        .003453        .004058
        .004170        .003407        .002542        .002173        .001977        .001603        .001228        .000875
        .000180       -.000827       -.001492       -.001600       -.001855       -.002909       -.004416       -.005446
       -.005524       -.004954       -.004334       -.004010       -.003853       -.003551       -.003048       -.002647
       -.002539       -.002365       -.001609       -.000448        .000227       -.000112       -.000834       -.000989
       -.000537       -.000212       -.000352       -.000604       -.000759       -.001082       -.001657       -.002099
       -.002119       -.001993       -.002089       -.002344       -.002394       -.002077       -.001732       -.001979
       -.003002       -.004093       -.004328       -.003839       -.003682       -.004265       -.004698       -.004153
       -.003146       -.002827       -.003467       -.004280       -.004346       -.003444       -.002094       -.001015
       -.000398        .000198        .001057        .001721        .001725        .001479        .001790        .002580
        .002978        .002649        .002300        .002708        .003751        .004594        .004548        .003644
        .002555        .001989        .002075        .002378        .002508        .002479        .002450        .002450
        .000000        .000000        .000000        .000000        .000000        .000000        .000000        .000000
        .000000        .000000        .000000        .000000        .000000        .000000        .000000        .000000
