Lefkada L                                          5000 Values (a*g)
(8F15.0)            0.01
        .003880        .002541        .000384       -.001446       -.001559       -.000267        .000703        .000498
       -.000265       -.001031       -.001724       -.001903       -.001137       -.000203       -.000171       -.000708
       -.000841       -.000708       -.000898       -.000875        .000106        .001260        .001361        .000686
        .000357        .000441        .000234       -.000297       -.000679       -.000807       -.000636        .000077
        .000990        .001049        .000024       -.000873       -.000563        .000652        .001805        .002247
        .001712        .000351       -.001008       -.001571       -.001441       -.001187       -.000920       -.000561
       -.000472       -.000896       -.001189       -.000632        .000355        .000563       -.000391       -.001474
       -.001448       -.000467       -.000115       -.001438       -.003192       -.003113       -.000992        .000818
        .000657       -.000300       -.000326        .000129       -.000282       -.001115       -.000789        .000719
        .001939        .002112        .001660        .000762       -.000723       -.002107       -.002352       -.001746
       -.001537       -.001973       -.002138       -.001779       -.001549       -.001461       -.000938       -.000459
       -.001051       -.001854       -.000564        .002867        .005442        .005044        .002979        .001266
       -.000178       -.001902       -.002913       -.002557       -.002253       -.003135       -.003819       -.002943
       -.001650       -.001170       -.000212        .002543        .005556        .006854        .007220        .008076
        .008417        .006407        .002286       -.002589       -.007462       -.010941       -.010672       -.006346
       -.000684        .003963        .007414        .009069        .007579        .004271        .002684        .003154
        .002244       -.000948       -.002729       -.001140        .000570       -.000905       -.004160       -.005820
       -.004684       -.001573        .001821        .003180        .001950        .001290        .004028        .007140
        .005169       -.001470       -.006898       -.008186       -.007715       -.007029       -.004455       -.000174
        .002238        .001177       -.000302        .000829        .003772        .006182        .006994        .005795
        .002425       -.001537       -.002983       -.000603        .003461        .005913        .005539        .004052
        .004037        .005742        .006373        .003559       -.001161       -.004629       -.006414       -.007823
       -.007780       -.003990        .002274        .007221        .010255        .013641        .016749        .015759
        .009819        .002211       -.004949       -.011900       -.017094       -.017798       -.015075       -.012350
       -.009074       -.002749        .003595        .004097        .000567        .001317        .008256        .014279
        .015235        .014627        .014009        .008850       -.001704       -.010726       -.013848       -.014687
       -.015481       -.011944       -.002771        .005025        .006633        .006622        .009785        .012924
        .011836        .008608        .006103        .002820       -.001410       -.002685       -.001044       -.002638
       -.008272       -.009027       -.000038        .009890        .009894        .001267       -.006738       -.009095
       -.006540       -.000710        .006144        .010425        .010755        .009419        .008216        .006489
        .004004        .001349       -.002619       -.009113       -.015388       -.017029       -.013678       -.008365
       -.002777        .002695        .006673        .008770        .011294        .015277        .018301        .019124
        .019837        .020489        .017341        .009788        .003018        .000339       -.001019       -.003670
       -.006138       -.007839       -.010901       -.014385       -.013878       -.009335       -.006108       -.006063
       -.005229       -.002396       -.001947       -.005502       -.008061       -.005325        .001411        .009495
        .018002        .025323        .029668        .032615        .036595        .039027        .035104        .026019
        .017947        .012939        .006892       -.003620       -.017552       -.031025       -.037400       -.028875
       -.005662        .018401        .027928        .023578        .020151        .027508        .041608        .055163
        .067831        .081078        .089144        .081646        .054164        .013045       -.029287       -.060985
       -.073160       -.060114       -.022719        .026438        .065096        .073956        .048836        .000169
       -.056089       -.104648       -.134835       -.148001       -.159252       -.181824       -.208858       -.219397
       -.203276       -.170541       -.134929       -.099657       -.063967       -.032136       -.007856        .012595
        .033463        .050758        .056786        .049866        .035701        .023152        .020510        .029623
        .040870        .040867        .028671        .018059        .021119        .036584        .057034        .078996
        .100300        .114481        .114890        .101894        .082019        .062107        .046388        .036232
        .030326        .027001        .027425        .034922        .050197        .068315        .080569        .079657
        .065280        .045655        .031372        .026609        .027667        .029510        .029805        .026791
        .018527        .006569       -.003607       -.008562       -.010714       -.014358       -.020899       -.029828
       -.041787       -.057187       -.072697       -.082737       -.085995       -.088389       -.096759       -.109906
       -.119213       -.118362       -.109254       -.097112       -.084556       -.073662       -.069287       -.075013
       -.087786       -.100469       -.108086       -.108317       -.099426       -.081906       -.059782       -.036302
       -.010393        .019473        .050784        .079931        .106386        .130260        .147928        .154505
        .149594        .137874        .125217        .116000        .111979        .111318        .109334        .102017
        .088421        .070630        .053298        .041915        .037809        .034930        .025067        .006652
       -.014690       -.032999       -.045367       -.049351       -.043178       -.029878       -.015840       -.003455
        .009659        .022315        .026597        .017196       -.001312       -.020137       -.034179       -.040782
       -.037570       -.028059       -.023611       -.031848       -.047190       -.059438       -.067423       -.075856
       -.083020       -.081735       -.070941       -.057181       -.045129       -.034404       -.025530       -.021364
       -.023071       -.030206       -.042863       -.057929       -.066367       -.061646       -.048897       -.039150
       -.036632       -.036271       -.030318       -.012216        .020747        .061437        .093167        .102418
        .089407        .064163        .037815        .020628        .019002        .027712        .031518        .020704
       -.000015       -.021232       -.038775       -.048103       -.039076       -.007326        .032487        .055251
        .048071        .018788       -.017124       -.050288       -.075475       -.084174       -.070081       -.041944
       -.021168       -.020089       -.028601       -.029151       -.019345       -.010418       -.007164       -.001133
        .015001        .036734        .054720        .065580        .071299        .072193        .065812        .052775
        .039969        .034498        .034152        .028942        .014534       -.000955       -.008743       -.011944
       -.017836       -.023311       -.020742       -.015288       -.020978       -.037300       -.045544       -.034369
       -.015879       -.008331       -.014111       -.023995       -.032831       -.039030       -.036421       -.019957
        .003174        .020037        .028048        .034543        .042499        .048218        .052006        .058294
        .063830        .059725        .048360        .044684        .054811        .066564        .069378        .070934
        .082934        .101009        .111743        .113104        .114557        .120799        .127222        .130062
        .131382        .134032        .138471        .144194        .149191        .149878        .145035        .136985
        .125646        .106386        .078656        .051574        .034241        .024118        .011399       -.007777
       -.029304       -.049675       -.069366       -.088743       -.107364       -.127367       -.151926       -.179675
       -.205090       -.224058       -.235748       -.240377       -.239676       -.238315       -.240136       -.243945
       -.247099       -.250514       -.254647       -.253326       -.239920       -.218720       -.201563       -.192113
       -.181652       -.162754       -.139090       -.117246       -.095828       -.069293       -.038924       -.012579
        .005852        .020297        .034391        .045303        .049598        .051516        .059805        .077699
        .101202        .127098        .156587        .188701        .215442        .228287        .227557        .221105
        .214115        .204442        .189827        .176303        .174393        .186084        .199798        .201451
        .187947        .166530        .143792        .120731        .097006        .073262        .047733        .015561
       -.026003       -.074166       -.123412       -.169666       -.211101       -.246488       -.273523       -.289096
       -.292370       -.287161       -.279057       -.270682       -.262299       -.254904       -.247638       -.234130
       -.208559       -.175076       -.143686       -.116078       -.082992       -.036842        .020044        .080708
        .139609        .191571        .232154        .262229        .287267        .310107        .328194        .338308
        .339839        .333218        .318796        .296915        .266741        .227068        .181227        .138284
        .105457        .081314        .059103        .034023        .005424       -.024383       -.050837       -.070901
       -.088685       -.112899       -.145836       -.178917       -.201478       -.209459       -.203223       -.183308
       -.152859       -.119783       -.091288       -.068706       -.050355       -.035116       -.019451        .003597
        .035971        .068392        .090078        .102528        .115418        .129336        .132837        .120561
        .105349        .104365        .118105        .130522        .127323        .106473        .072971        .033105
       -.004575       -.031390       -.046402       -.057161       -.068359       -.073754       -.062638       -.031776
        .011356        .054308        .086566        .103737        .107980        .103920        .094312        .080107
        .062961        .044508        .024639        .003295       -.018540       -.042705       -.074195       -.112212
       -.145418       -.164238       -.173812       -.185817       -.200781       -.209443       -.209689       -.209857
       -.214590       -.219403       -.221155       -.223029       -.225806       -.225056       -.220922       -.220394
       -.224281       -.220766       -.199215       -.165475       -.136665       -.122436       -.114142       -.092675
       -.047444        .011718        .063366        .094837        .109259        .113287        .109000        .101993
        .106377        .131806        .171664        .211198        .240492        .253039        .241434        .206074
        .163349        .134129        .126003        .132683        .145990        .160135        .167404        .158736
        .130177        .085344        .032570       -.018845       -.061947       -.094724       -.117912       -.129604
       -.125640       -.106871       -.082039       -.061278       -.049361       -.046485       -.050159       -.053382
       -.045845       -.022115        .013028        .049886        .081271        .102300        .109339        .105339
        .102431        .110702        .124966        .129131        .113546        .083101        .050094        .025274
        .014317        .014907        .017127        .012369        .001330       -.011443       -.026903       -.047138
       -.064752       -.066864       -.048854       -.015968        .026879        .076119        .121632        .150709
        .162859        .170321        .180476        .186823        .181172        .165402        .146176        .125178
        .100195        .070608        .036652       -.002846       -.047480       -.092742       -.133206       -.165936
       -.189056       -.201198       -.204716       -.205415       -.206034       -.202549       -.187953       -.156163
       -.102838       -.031180        .039696        .081075        .078405        .046003        .011922       -.008690
       -.018699       -.021511       -.010062        .021299        .060634        .083391        .076058        .049854
        .026233        .011802       -.005584       -.036807       -.076223       -.109442       -.128574       -.134898
       -.132303       -.124296       -.114967       -.108586       -.108664       -.116707       -.127404       -.126310
       -.100399       -.054109       -.008976        .016201        .020737        .016490        .013408        .014308
        .018261        .022106        .019899        .006478       -.016544       -.040983       -.060069       -.074518
       -.088381       -.099902       -.099523       -.078610       -.039250        .005981        .045624        .080884
        .121515        .166813        .197063        .193796        .164617        .134277        .113531        .094732
        .078153        .078210        .094575        .100008        .071361        .015017       -.050326       -.115339
       -.169323       -.190568       -.171070       -.136747       -.120372       -.122788       -.118504       -.090677
       -.043354        .012726        .067442        .106601        .115746        .093041        .052904        .015675
       -.005339       -.009285       -.002995        .007583        .017607        .016792       -.005358       -.041730
       -.066975       -.065397       -.049931       -.042085       -.042911       -.037539       -.020238        .000467
        .016367        .024523        .021188        .005133       -.013594       -.020099       -.010806        .005442
        .022125        .042329        .069594        .097753        .113301        .106862        .082361        .055122
        .038939        .035017        .036154        .039714        .049514        .064752        .076318        .078417
        .076385        .077378        .079212        .075293        .066236        .059861        .061667        .070457
        .081275        .087950        .084881        .071547        .054397        .040419        .029249        .014960
       -.005161       -.027234       -.046273       -.062081       -.078439       -.097693       -.117749       -.134533
       -.146397       -.154345       -.158700       -.158760       -.155771       -.151615       -.143143       -.123527
       -.093192       -.063979       -.047498       -.043274       -.043280       -.043634       -.045352       -.047137
       -.044993       -.037879       -.028213       -.017418       -.006201        .001895        .002451       -.004000
       -.011782       -.015966       -.015786       -.012034       -.003494        .013329        .040426        .073618
        .102822        .119961        .127005        .133312        .144347        .156029        .160842        .156229
        .144548        .127975        .107104        .083540        .060407        .039544        .020140        .001284
       -.015402       -.026533       -.030532       -.029721       -.028481       -.029105       -.029609       -.026466
       -.019794       -.014283       -.013820       -.016223       -.016141       -.012339       -.008994       -.009849
       -.014642       -.021520       -.029017       -.034632       -.036229       -.036394       -.041418       -.053170
       -.065519       -.071446       -.070608       -.067366       -.064646       -.062662       -.061600       -.062101
       -.064456       -.068786       -.074588       -.079153       -.078368       -.070403       -.057603       -.044319
       -.034311       -.029407       -.028892       -.029866       -.029599       -.027638       -.025162       -.023240
       -.022365       -.022230       -.021563       -.019424       -.017511       -.018958       -.023858       -.027871
       -.026487       -.019252       -.008959        .002029        .013328        .025620        .038943        .052271
        .064824        .077176        .089641        .099630        .102892        .098655        .091584        .087786
        .089781        .095777        .101669        .102836        .096371        .083409        .068247        .054445
        .042465        .031270        .019925        .007246       -.008010       -.025498       -.042910       -.057707
       -.068381       -.074037       -.074383       -.069931       -.061353       -.048473       -.030590       -.007580
        .019607        .048589        .075282        .095699        .109185        .119195        .129335        .139426
        .146354        .147663        .142829        .131954        .115597        .096647        .080325        .070649
        .066566        .062811        .054972        .042877        .028913        .014724        .000780       -.012283
       -.024371       -.036942       -.050909       -.063456       -.069407       -.066324       -.056480       -.043768
       -.030898       -.019731       -.011792       -.007062       -.004227       -.002833       -.003678       -.006979
       -.012372       -.020943       -.034444       -.051230       -.065669       -.073413       -.076058       -.078885
       -.085022       -.093145       -.099916       -.103080       -.102372       -.098889       -.094400       -.090406
       -.086934       -.081939       -.072662       -.058198       -.040442       -.022313       -.005812        .007918
        .018040        .024807        .029847        .034509        .038830        .042906        .047748        .053284
        .056881        .055806        .050582        .044679        .041201        .040646        .041129        .040181
        .037239        .034735        .035449        .038302        .038348        .031801        .019437        .004222
       -.012286       -.029437       -.045276       -.057685       -.067353       -.077158       -.088047       -.097141
       -.100651       -.097686       -.090887       -.084192       -.079900       -.076864       -.071810       -.063666
       -.055777       -.051583       -.048885       -.041894       -.029294       -.016249       -.007091       -.000408
        .005968        .009478        .006881        .000848       -.002565       -.001690        .000220        .001644
        .005243        .013054        .023033        .031634        .037291        .040360        .042077        .044796
        .051165        .061243        .071221        .076425        .075539        .071391        .068015        .067348
        .068470        .069219        .068242        .065778        .062802        .059595        .055314        .049113
        .041534        .034169        .028018        .022851        .018337        .014818        .012332        .009796
        .006001        .000767       -.005515       -.012808       -.020920       -.028825       -.035521       -.041190
       -.046917       -.053785       -.062360       -.071945       -.079626       -.081561       -.075994       -.064228
       -.048457       -.030344       -.012123        .003333        .014970        .024216        .032090        .037386
        .039301        .039642        .040363        .040412        .037042        .029106        .017751        .005400
       -.004464       -.008735       -.007825       -.005934       -.006404       -.008162       -.008372       -.006716
       -.004832       -.003108       -.000533        .002991        .006978        .012603        .021967        .034494
        .045966        .052095        .051989        .047436        .040162        .030572        .018644        .004778
       -.010025       -.024107       -.035732       -.044714       -.053001       -.062540       -.072719       -.081665
       -.089452       -.097785       -.106087       -.110497       -.108309       -.101578       -.094583       -.089135
       -.083913       -.077509       -.069824       -.061126       -.051748       -.042996       -.037018       -.035148
       -.036800       -.040221       -.043663       -.046122       -.047267       -.046941       -.044564       -.039186
       -.030681       -.020804       -.011960       -.004389        .004683        .017624        .033088        .047813
        .061290        .076080        .092976        .108676        .120066        .128478        .137446        .147465
        .155773        .160253        .160737        .156887        .147735        .133935        .118283        .103209
        .089432        .077169        .067023        .058875        .051433        .043765        .036164        .028988
        .021892        .014833        .008697        .003710       -.001538       -.008365       -.015900       -.021807
       -.024669       -.024731       -.022689       -.018925       -.013794       -.008044       -.002450        .002531
        .006688        .009997        .012668        .014906        .016356        .015918        .012668        .006766
       -.000660       -.008678       -.017171       -.026122       -.034821       -.042110       -.046881       -.048161
       -.045512       -.040264       -.035452       -.033725       -.035734       -.040677       -.047104       -.052800
       -.055840       -.057044       -.059522       -.064836       -.071461       -.078269       -.086609       -.096582
       -.103907       -.103582       -.094997       -.080944       -.063488       -.044038       -.025348       -.009771
        .003526        .016524        .028531        .037336        .043197        .048504        .054063        .058176
        .059081        .055951        .048191        .036263        .022879        .011004        .000809       -.009588
       -.020671       -.031012       -.039772       -.047499       -.054250       -.058699       -.059568       -.056598
       -.049886       -.039397       -.025270       -.008124        .010783        .029127        .044116        .054619
        .062056        .068190        .072820        .074815        .074601        .073943        .073775        .073609
        .072932        .072107        .071832        .072319        .072897        .072073        .068633        .062961
        .056870        .051737        .047294        .042444        .036640        .030038        .022713        .014245
        .004495       -.005290       -.012937       -.017861       -.022386       -.028940       -.036554       -.042520
       -.047064       -.053101       -.060963       -.067272       -.070286       -.072493       -.075841       -.078245
       -.077636       -.076070       -.076346       -.077296       -.076108       -.073299       -.071464       -.070283
       -.066466       -.058540       -.048844       -.040429       -.033973       -.028369       -.023119       -.019441
       -.018981       -.021584       -.024866       -.026535       -.026552       -.026024       -.024748       -.021650
       -.017320       -.013957       -.012095       -.009357       -.003685        .003698        .010100        .015071
        .020628        .028298        .037797        .048315        .059275        .069538        .077412        .081986
        .083505        .082618        .080444        .078598        .077275        .073962        .066384        .056087
        .046457        .037873        .027993        .016358        .005108       -.004919       -.015116       -.025588
       -.034156       -.039659       -.043421       -.046782       -.049684       -.051937       -.053258       -.051812
       -.045182       -.033195       -.018172       -.002717        .011185        .021786        .028359        .031818
        .033353        .033562        .033645        .035311        .038233        .040065        .040266        .040970
        .042463        .041218        .034775        .025374        .016168        .006966       -.003307       -.012797
       -.018814       -.021740       -.023759       -.025329       -.025681       -.025324       -.025352       -.025284
       -.024070       -.022340       -.021584       -.021873       -.022091       -.021576       -.020023       -.016822
       -.012128       -.007586       -.004517       -.002318        .000151        .002742        .004794        .006412
        .007670        .008040        .008004        .009726        .014220        .019179        .021373        .020061
        .016493        .011405        .004820       -.002849       -.011385       -.021220       -.031645       -.039839
       -.043719       -.044683       -.045527       -.046613       -.046313       -.044308       -.041986       -.039752
       -.036502       -.031972       -.027463       -.023649       -.019632       -.014934       -.010874       -.008738
       -.007731       -.005634       -.000838        .007064        .017718        .029962        .042041        .052916
        .063105        .073502        .083736        .092458        .098782        .102795        .104971        .105691
        .105100        .102981        .099115        .094046        .088621        .082405        .073622        .061832
        .049691        .040571        .034915        .030238        .024101        .015608        .004575       -.008578
       -.022157       -.034301       -.045137       -.056313       -.068165       -.078893       -.086850       -.092015
       -.094798       -.094839       -.091713       -.085789       -.078103       -.070173       -.063634       -.058842
       -.054251       -.048550       -.042945       -.039765       -.039569       -.041246       -.043939       -.046686
       -.047202       -.043778       -.037872       -.032241       -.027083       -.020608       -.012852       -.005931
       -.000623        .004455        .010072        .015308        .019573        .023604        .027836        .031526
        .033920        .035139        .035587        .035185        .033282        .029138        .022791        .015598
        .009270        .004559        .001542        .000724        .002518        .005922        .009171        .011749
        .014505        .017906        .021265        .023726        .025022        .025404        .025423        .025430
        .024956        .023347        .021149        .019741        .019337        .018937        .018279        .018049
        .017907        .016474        .013761        .011436        .010036        .008144        .005082        .002258
        .000739       -.000488       -.002647       -.005327       -.007691       -.010014       -.012920       -.016239
       -.019525       -.022590       -.025042       -.026338       -.026674       -.026774       -.026662       -.025773
       -.024266       -.022870       -.021423       -.019033       -.016050       -.014482       -.015864       -.019818
       -.025108       -.031001       -.036924       -.041734       -.044256       -.044061       -.041418       -.037044
       -.032178       -.028017       -.024445       -.020003       -.013680       -.006046        .001977        .010673
        .020851        .032162        .043071        .052132        .058580        .062343        .064282        .065639
        .066203        .064099        .058784        .053083        .050158        .049191        .046384        .039956
        .031726        .023863        .016499        .008958        .001142       -.006950       -.015265       -.022643
       -.027169       -.028151       -.026856       -.025191       -.024286       -.023895       -.022303       -.017723
       -.010803       -.004828       -.002357       -.002805       -.004349       -.006594       -.009823       -.013163
       -.015512       -.017196       -.018892       -.019752       -.018345       -.014893       -.011194       -.008796
       -.008230       -.009231       -.010734       -.011292       -.010358       -.008678       -.007045       -.005417
       -.003473       -.001088        .002017        .006159        .010865        .014810        .016699        .015859
        .012433        .007606        .002898       -.001582       -.007339       -.014973       -.022690       -.028580
       -.033085       -.037515       -.041354       -.043009       -.042385       -.040655       -.038165       -.034501
       -.030129       -.026055       -.022191       -.017899       -.013812       -.011212       -.009590       -.006635
       -.001148        .005382        .010678        .014178        .017031        .020149        .023045        .024524
        .024046        .022075        .019218        .015465        .010518        .004680       -.001007       -.005551
       -.008596       -.009968       -.009057       -.005346        .000350        .006130        .011070        .016271
        .023042        .030809        .037986        .044256        .050550        .057150        .063144        .067367
        .068652        .065987        .060044        .053655        .048851        .044260        .037328        .028089
        .018410        .008682       -.001967       -.012733       -.021328       -.027188       -.031991       -.036753
       -.040349       -.041229       -.039170       -.035025       -.029887       -.024595       -.019466       -.014565
       -.010384       -.007510       -.005425       -.002786        .000591        .003080        .003168        .001116
       -.001843       -.005009       -.008280       -.011494       -.014540       -.017775       -.021776       -.026622
       -.031549       -.035300       -.036926       -.036489       -.034894       -.032896       -.030392       -.026828
       -.022120       -.016772       -.010962       -.004032        .004487        .013481        .020829        .025603
        .028756        .031177        .032229        .031131        .028624        .025976        .023157        .019402
        .015016        .011247        .008757        .007361        .006721        .006252        .004976        .002696
        .000625       -.000351       -.001181       -.002969       -.004674       -.004399       -.002473       -.001002
       -.000440        .001129        .004805        .009123        .012489        .015433        .018987        .022382
        .024144        .024571        .025190        .026195        .026183        .024301        .021180        .017837
        .014873        .012618        .010904        .008975        .006575        .004552        .003389        .002109
       -.000032       -.001931       -.002465       -.002767       -.004609       -.007359       -.008725       -.007896
       -.005918       -.003575       -.001047        .000731        .000495       -.001636       -.004502       -.007613
       -.011118       -.014656       -.017777       -.020963       -.024694       -.028103       -.030078       -.031063
       -.032146       -.032821       -.031412       -.027612       -.023083       -.019313       -.016047       -.012324
       -.008326       -.005456       -.004599       -.004759       -.003918       -.001241        .002179        .004991
        .007299        .010117        .013688        .017215        .019915        .021513        .021785        .020570
        .018426        .016598        .015803        .015348        .013835        .010698        .006768        .003386
        .001101       -.000774       -.003370       -.007070       -.011093       -.014446       -.017140       -.019835
       -.022266       -.022972       -.021420       -.019376       -.018790       -.018935       -.017568       -.014800
       -.013501       -.015126       -.017360       -.017223       -.014814       -.012201       -.009973       -.006962
       -.002684        .001943        .006284        .010807        .015916        .021001        .024844        .026448
        .025578        .022978        .019772        .016280        .011930        .006692        .001834       -.001397
       -.003201       -.004746       -.006831       -.009476       -.012250       -.014590       -.016309       -.017833
       -.019328       -.019856       -.018556       -.016335       -.014813       -.013798       -.011774       -.008863
       -.006993       -.006599       -.005515       -.002128        .002417        .006346        .009660        .013007
        .015770        .016971        .017078        .017371        .018102        .018357        .017489        .015945
        .014811        .014754        .015144        .014478        .012239        .009829        .008839        .008831
        .008112        .006268        .004519        .003738        .003598        .003710        .004228        .005042
        .005625        .005978        .006667        .007563        .007442        .005330        .001488       -.003296
       -.008745       -.014890       -.021125       -.026120       -.028783       -.029236       -.028646       -.028053
       -.027548       -.026814       -.025982       -.025278       -.024025       -.021119       -.016677       -.012148
       -.008282       -.004044        .001691        .008230        .014000        .018872        .024333        .031263
        .038570        .044419        .048105        .050180        .051107        .050411        .047259        .041561
        .034426        .027612        .022476        .019112        .016421        .013349        .010091        .007642
        .006049        .003828       -.000286       -.005655       -.010459       -.013661       -.015424       -.015886
       -.014705       -.012086       -.009277       -.007453       -.006569       -.006047       -.006194       -.008051
       -.011710       -.015736       -.018912       -.021805       -.025569       -.029726       -.032476       -.033197
       -.033091       -.032918       -.031507       -.027550       -.021961       -.017119       -.014071       -.011597
       -.008188       -.004115       -.000995        .000207        .000010       -.000628       -.001498       -.002964
       -.005160       -.007854       -.010692       -.013143       -.014576       -.014934       -.014929       -.015048
       -.014838       -.013681       -.011678       -.009091       -.005570       -.000957        .003859        .007989
        .011881        .016309        .020445        .022441        .021798        .019722        .017167        .014023
        .010473        .007436        .004866        .000995       -.005526       -.013467       -.020095       -.023996
       -.025891       -.026985       -.027379       -.026222       -.022872       -.017733       -.012137       -.007311
       -.003337        .000643        .005083        .009279        .012380        .014642        .016957        .019308
        .020587        .020173        .018853        .017688        .016692        .015319        .013810        .012995
        .012858        .012346        .010860        .009055        .007695        .006601        .005373        .004273
        .003640        .003161        .002749        .003388        .005802        .008833        .010753        .011826
        .013812        .016895        .019097        .019265        .018780        .019386        .020795        .021559
        .021194        .020306        .019495        .019152        .019717        .021168        .022673        .023493
        .023874        .024404        .024989        .025001        .024149        .022755        .021512        .021087
        .021564        .022201        .022295        .022164        .022506        .022860        .021726        .018270
        .013173        .007728        .002863       -.001018       -.004094       -.006994       -.009954       -.012294
       -.013446       -.014073       -.015116       -.016198       -.016208       -.015285       -.014825       -.015397
       -.015968       -.015622       -.014798       -.014152       -.013194       -.011207       -.008880       -.007638
       -.007552       -.007347       -.006743       -.007308       -.010089       -.013745       -.016213       -.017502
       -.019473       -.023134       -.027333       -.030235       -.031225       -.031116       -.030905       -.030668
       -.029609       -.027150       -.023826       -.020947       -.019593       -.020062       -.021884       -.024133
       -.026091       -.027896       -.029944       -.031698       -.032000       -.030679       -.028783       -.027033
       -.025259       -.023536       -.022402       -.021621       -.020081       -.017365       -.014274       -.011504
       -.008938       -.006385       -.003880       -.001353        .000987        .002254        .002086        .001627
        .001966        .002455        .002303        .002910        .006282        .011541        .015560        .017036
        .017685        .018962        .019872        .018986        .016858        .015100        .014059        .012774
        .010786        .008757        .007249        .005861        .004021        .001881       -.000291       -.003008
       -.006814       -.010775       -.012938       -.012602       -.011013       -.009352       -.007057       -.002802
        .003611        .010971        .017685        .022620        .025615        .027530        .029326        .031042
        .032226        .033009        .033697        .033721        .032400        .030554        .029752        .029954
        .029538        .027799        .025739        .024209        .022850        .021174        .019247        .017004
        .014221        .011303        .008984        .007274        .005748        .004566        .004047        .003600
        .002308        .000253       -.001847       -.003987       -.006772       -.010361       -.014498       -.019122
       -.024038       -.028440       -.031579       -.033413       -.033970       -.032813       -.029847       -.025891
       -.021636       -.016771       -.010879       -.004406        .001980        .008090        .013491        .017153
        .018872        .020052        .021827        .023236        .022676        .020347        .017549        .014186
        .009066        .002574       -.003229       -.007441       -.011181       -.015129       -.018468       -.021047
       -.024198       -.028133       -.030809       -.030934       -.030031       -.029777       -.029285       -.027118
       -.024190       -.022310       -.021206       -.019378       -.016949       -.015361       -.014883       -.014477
       -.013705       -.012964       -.012093       -.010357       -.007737       -.005046       -.002830       -.000994
        .000662        .002190        .003699        .005529        .008346        .012821        .018733        .024808
        .030160        .035220        .040223        .043825        .044874        .044578        .044750        .044645
        .042012        .036873        .031526        .026942        .021932        .016127        .010878        .006501
        .001422       -.004882       -.010627       -.014773       -.018941       -.024414       -.029320       -.031109
       -.030398       -.029812       -.029827       -.028349       -.024467       -.020203       -.017783       -.016766
       -.014907       -.010956       -.005781       -.001130        .002271        .005429        .009702        .014689
        .018376        .020009        .021393        .023977        .026017        .024898        .021370        .018837
        .018555        .018295        .016125        .013028        .010774        .009247        .007085        .003652
       -.000610       -.004960       -.008923       -.012566       -.016293       -.019854       -.022286       -.023698
       -.026129       -.031049       -.036708       -.039950       -.040286       -.040034       -.040466       -.040004
       -.036847       -.031357       -.024901       -.018053       -.011171       -.005346       -.001259        .001954
        .005188        .007608        .007952        .006972        .006700        .007522        .007877        .006992
        .006008        .005918        .006089        .005720        .005201        .005102        .005078        .004706
        .004398        .004699        .005631        .007321        .010139        .013677        .016798        .019367
        .022616        .026930        .030599        .031983        .031811        .031956        .032611        .032349
        .030665        .028773        .027346        .024897        .019720        .012805        .007265        .004614
        .002959       -.000247       -.004846       -.008560       -.010158       -.010459       -.010396       -.009829
       -.008621       -.007365       -.006363       -.004966       -.002894       -.001329       -.001705       -.003786
       -.005834       -.006613       -.006583       -.007010       -.008413       -.010173       -.011578       -.012772
       -.014394       -.016481       -.018176       -.018641       -.017939       -.016877       -.016090       -.015271
       -.013546       -.010809       -.008299       -.007086       -.006297       -.004031       -.000047        .003874
        .006404        .008066        .009677        .011036        .011848        .012367        .012378        .011100
        .008786        .006834        .005525        .003486        .000164       -.002994       -.004887       -.006541
       -.009193       -.012028       -.013270       -.012542       -.010989       -.009586       -.008302       -.006552
       -.003978       -.000996        .001255        .001885        .001175        .000268        .000039        .000557
        .001297        .001690        .001819        .002529        .004276        .006101        .006825        .007112
        .008821        .012208        .015392        .017018        .017790        .018740        .019729        .020504
        .021571        .022888        .023171        .021789        .019899        .018476        .016584        .013069
        .008646        .004724        .001336       -.002138       -.005481       -.008560       -.012466       -.017617
       -.021927       -.023226       -.022457       -.021927       -.021501       -.019486       -.016510       -.015043
       -.015318       -.015008       -.013139       -.011146       -.009714       -.007748       -.005090       -.003247
       -.002524       -.001145        .001644        .003977        .004129        .002889        .001915        .001328
        .000255       -.001302       -.002510       -.003138       -.003870       -.005091       -.006017       -.005562
       -.003876       -.002348       -.001815       -.001537       -.000510        .000940        .001681        .001323
        .000420       -.000387       -.000754       -.000570        .000022        .000833        .001772        .002336
        .001598       -.000282       -.001403       -.000435        .001278        .001670        .000881        .000291
       -.000133       -.001064       -.001560       -.000231        .002172        .003795        .004337        .004406
        .003454        .000839       -.002208       -.004043       -.004979       -.006248       -.007839       -.009112
       -.010061       -.010503       -.009724       -.008282       -.008135       -.009717       -.010975       -.010424
       -.008952       -.007571       -.005781       -.003205       -.000597        .001709        .004422        .007783
        .011251        .014598        .017430        .018270        .016471        .014163        .013583        .013399
        .010888        .006864        .004826        .005496        .005969        .004456        .002366        .001036
       -.000278       -.001978       -.002528       -.000941        .001251        .002061        .001695        .001629
        .002021        .001409       -.001248       -.005170       -.008536       -.010382       -.011446       -.013023
       -.015299       -.017507       -.019571       -.022354       -.025919       -.028843       -.029986       -.029814
       -.029011       -.027090       -.023611       -.019562       -.016022       -.012508       -.008145       -.003503
        .000488        .004448        .009531        .015203        .019917        .023438        .026571        .029034
        .029557        .028044        .026006        .024556        .023249        .021100        .017856        .014040
        .010239        .006531        .002678       -.000992       -.003298       -.003622       -.002932       -.002311
       -.001138        .001762        .005670        .008607        .010136        .011482        .013003        .013568
        .012853        .012191        .012575        .013456        .014023        .014248        .014146        .013270
        .011505        .009300        .006924        .004313        .001663       -.000739       -.003027       -.005094
       -.005819       -.004393       -.002068       -.001041       -.001600       -.002126       -.001912       -.001941
       -.002520       -.002450       -.001461       -.001365       -.003298       -.005724       -.006590       -.005963
       -.005160       -.004780       -.004927       -.005788       -.006638       -.005928       -.003571       -.001568
       -.001011       -.000502        .001074        .002341        .001765        .000172       -.000846       -.001275
       -.001550       -.001190       -.000383       -.001180       -.004901       -.009821       -.013372       -.015296
       -.016762       -.017881       -.018020       -.017643       -.017587       -.017244       -.015344       -.012221
       -.009600       -.008161       -.006762       -.004423       -.001792       -.000164        .000340        .000724
        .001581        .002589        .003623        .005299        .007739        .009753        .010459        .010828
        .012376        .014872        .016928        .018420        .020492        .023322        .025698        .026860
        .027109        .026427        .024394        .021620        .019462        .018006        .016028        .013212
        .010663        .008752        .006361        .002820       -.000842       -.003467       -.005419       -.007773
       -.010573       -.012616       -.012833       -.011587       -.010276       -.009577       -.008506       -.006153
       -.003781       -.003538       -.005232       -.006365       -.005655       -.004502       -.004294       -.004488
       -.004185       -.003702       -.003540       -.003425       -.003405       -.004282       -.006084       -.007656
       -.008645       -.010462       -.014222       -.019028       -.023205       -.026202       -.028411       -.030040
       -.030965       -.031011       -.029707       -.026592       -.022347       -.018996       -.018083       -.018853
       -.018926       -.016797       -.013150       -.009664       -.007059       -.004784       -.002201        .000532
        .002812        .004434        .005885        .007938        .011013        .014793        .018461        .021243
        .022736        .022944        .022234        .021134        .019916        .018452        .016453        .013532
        .009236        .003823       -.001015       -.003461       -.003934       -.004780       -.007124       -.009549
       -.010582       -.010793       -.011186       -.011090       -.009308       -.006393       -.004061       -.002654
       -.000634        .003317        .008637        .013612        .017268        .020043        .022569        .024370
        .024438        .022897        .021138        .020131        .019489        .018455        .017013        .015722
        .015097        .015303        .015870        .015904        .015120        .014266        .014028        .014203
        .014437        .014779        .014940        .014233        .012836        .011676        .010566        .008167
        .004436        .001177       -.000566       -.001616       -.002566       -.002827       -.002502       -.002925
       -.004467       -.005959       -.006983       -.008483       -.010599       -.012158       -.012956       -.014160
       -.015815       -.016285       -.014909       -.013128       -.012306       -.012246       -.012275       -.011949
       -.010515       -.007490       -.003901       -.001235        .000755        .003443        .006699        .008823
        .009043        .008269        .007187        .005505        .003343        .001552        .000117       -.002140
       -.005565       -.008810       -.010805       -.012178       -.013752       -.014700       -.013571       -.010531
       -.007267       -.004859       -.002948       -.001049        .000393        .000815        .000462       -.000224
       -.001625       -.004544       -.008858       -.013330       -.016893       -.019584       -.022152       -.024977
       -.027556       -.028894       -.028547       -.027376       -.026828       -.027187       -.027085       -.025163
       -.021666       -.017652       -.013363       -.008287       -.002538        .002864        .007186        .010783
        .014475        .018396        .021561        .022877        .022619        .022413        .023119        .023444
        .021801        .018858        .016489        .014692        .011673        .007148        .003035        .000389
       -.001914       -.004535       -.006017       -.005096       -.002644        .000140        .003630        .008421
        .013522        .017656        .021243        .025406        .029775        .032820        .034019        .034320
        .034298        .033178        .030056        .025339        .020214        .015001        .009032        .002284
       -.003940       -.008529       -.012000       -.015457       -.018960       -.021779       -.023548       -.024274
       -.023928       -.022939       -.022269       -.022071       -.021402       -.019919       -.018626       -.017918
       -.016541       -.013734       -.010810       -.009190       -.008432       -.007647       -.007393       -.008363
       -.009675       -.010019       -.009322       -.008056       -.006329       -.004905       -.005361       -.007556
       -.008622       -.006204       -.001579        .002271        .004517        .006430        .008437        .009547
        .009426        .008988        .008484        .006896        .003700       -.000088       -.003467       -.006960
       -.011466       -.016227       -.019328       -.020109       -.019997       -.020475       -.021458       -.022156
       -.022446       -.022537       -.022129       -.020892       -.019241       -.017721       -.016118       -.013770
       -.010480       -.006563       -.002407        .001552        .004976        .008124        .011720        .015978
        .020110        .023053        .024244        .023875        .022843        .022166        .021890        .021088
        .019466        .018152        .017988        .018174        .017714        .017095        .016984        .016319
        .013762        .010402        .008801        .009649        .011315        .012755        .014692        .017655
        .020798        .023241        .025097        .026552        .027210        .026995        .026551        .026206
        .025397        .023699        .021681        .020127        .018886        .017066        .014223        .010926
        .008014        .005559        .002819       -.000649       -.004248       -.007094       -.009121       -.010835
       -.012407       -.013836       -.015642       -.018252       -.020976       -.022753       -.023702       -.024702
       -.025628       -.025382       -.023652       -.021244       -.018721       -.016074       -.013733       -.012456
       -.012136       -.012033       -.012222       -.013501       -.015774       -.017850       -.019052       -.019918
       -.021141       -.022601       -.023672       -.023933       -.023555       -.023190       -.023217       -.023066
       -.021893       -.019740       -.017260       -.014527       -.011292       -.008139       -.006018       -.004804
       -.003641       -.002414       -.001458       -.000214        .002152        .005111        .007323        .008522
        .009432        .010205        .010340        .009764        .008804        .007662        .006875        .007515
        .009876        .012796        .015143        .017004        .018648        .019508        .019119        .017978
        .016559        .014580        .012099        .010316        .010346        .011857        .013606        .014821
        .015718        .017076        .019429        .022307        .024525        .025516        .025818        .025785
        .024765        .022289        .019176        .016468        .014154        .011872        .009900        .008403
        .006631        .004049        .001397       -.000562       -.002494       -.005491       -.009261       -.012700
       -.015665       -.018731       -.021493       -.022660       -.022032       -.021124       -.021296       -.022243
       -.022922       -.023277       -.024251       -.026283       -.028565       -.029919       -.029841       -.028420
       -.025866       -.022759       -.020141       -.018546       -.017209       -.015125       -.012712       -.011389
       -.011519       -.011724       -.010452       -.007625       -.004539       -.002549       -.001799       -.001025
        .001053        .004029        .006270        .007294        .008514        .010967        .013737        .015506
        .016321        .016823        .017073        .017243        .018006        .019157        .019371        .018378
        .017802        .018639        .019568        .019072        .017584        .016164        .014648        .012531
        .010436        .009228        .008718        .008208        .007425        .006321        .005032        .004420
        .005467        .007781        .009951        .011380        .012613        .013876        .014787        .015460
        .016369        .016987        .016125        .013865        .011812        .010989        .010802        .010393
        .009698        .008635        .006537        .003347        .000492       -.000591       -.000270       -.000176
       -.001080       -.002361       -.003445       -.004599       -.006114       -.007752       -.009352       -.011164
       -.013109       -.014660       -.015720       -.016807       -.017989       -.018576       -.018400       -.018459
       -.019533       -.020881       -.021071       -.019958       -.018979       -.019401       -.020740       -.021490
       -.021281       -.021311       -.022170       -.022612       -.021687       -.020879       -.021932       -.023623
       -.023357       -.021475       -.020904       -.022393       -.023239       -.021480       -.018338       -.015572
       -.013023       -.010101       -.007271       -.004676       -.001244        .003404        .007856        .010875
        .013073        .015460        .017792        .019492        .020998        .022984        .025016        .026138
        .026363        .026550        .027058        .027311        .026920        .026457        .026654        .027356
        .027908        .028410        .029693        .031875        .033877        .034733        .034706        .034461
        .033815        .032067        .029084        .025298        .021024        .016496        .012336        .009044
        .006239        .003207        .000103       -.002271       -.003906       -.005877       -.008787       -.011715
       -.013147       -.012729       -.011575       -.011062       -.011560       -.012256       -.012129       -.011019
       -.009632       -.008664       -.008279       -.008512       -.009329       -.010126       -.010063       -.009418
       -.009760       -.012112       -.015596       -.018593       -.020556       -.022145       -.024116       -.026661
       -.029311       -.031099       -.031352       -.030544       -.029680       -.028792       -.026947       -.023858
       -.020325       -.016942       -.013512       -.010011       -.006943       -.004345       -.001477        .001956
        .005192        .007403        .008723        .009867        .011204        .012448        .013004        .012550
        .011504        .010558        .009545        .007426        .004101        .001266        .000221       -.000293
       -.002232       -.004838       -.005435       -.003717       -.002504       -.003487       -.004802       -.004264
       -.002600       -.001485       -.000443        .001881        .004835        .006582        .006936        .007248
        .008210        .009506        .010878        .012042        .012389        .012033        .012043        .012606
        .012416        .010924        .009372        .008382        .006564        .003113       -.000130       -.001102
       -.000379        .000112       -.000138       -.000480       -.000941       -.002077       -.003660       -.004852
       -.005382       -.005634       -.005797       -.005588       -.004852       -.004095       -.004113       -.004980
       -.005783       -.005835       -.005683       -.006149       -.006874       -.006992       -.006820       -.007444
       -.008840       -.009852       -.009927       -.009444       -.008513       -.006927       -.005188       -.004044
       -.003169       -.001722        .000040        .001247        .002114        .003417        .004671        .004760
        .004126        .004301        .005328        .005750        .005205        .004908        .005251        .005019
        .003519        .001542       -.000404       -.002907       -.005877       -.007647       -.007031       -.005054
       -.003619       -.003268       -.003081       -.002206       -.000881       -.000142       -.000750       -.002236
       -.003336       -.003537       -.003613       -.004330       -.005498       -.006742       -.008169       -.009537
       -.009894       -.008880       -.007363       -.005892       -.003714       -.000348        .003072        .005429
        .007642        .011514        .016953        .021961        .025270        .027740        .030724        .033990
        .036040        .036072        .034737        .032925        .030691        .028008        .025530        .023568
        .020983        .016473        .010544        .004872        .000085       -.004339       -.008583       -.012444
       -.016423       -.021000       -.025187       -.027595       -.028560       -.029319       -.029641       -.028406
       -.026144       -.024446       -.023147       -.020573       -.016655       -.013270       -.011193       -.009099
       -.006162       -.003365       -.001594       -.000286        .001092        .001978        .002023        .001977
        .002355        .002591        .002361        .002494        .003380        .003749        .002314       -.000149
       -.001751       -.002007       -.001987       -.002302       -.002528       -.002616       -.003297       -.004507
       -.005023       -.004446       -.004094       -.004863       -.005477       -.004286       -.001856       -.000209
       -.000217       -.001018       -.001694       -.002203       -.002801       -.003576       -.004585       -.005910
       -.007557       -.009301       -.010585       -.010771       -.010083       -.009585       -.009452       -.008305
       -.005536       -.003010       -.002676       -.003576       -.003469       -.002242       -.001373       -.000925
        .000235        .001828        .002516        .002445        .002867        .003640        .003571        .003006
        .003351        .004293        .004119        .002774        .001994        .002313        .002482        .002212
        .002775        .004438        .005792        .006591        .008749        .013077        .017303        .019043
        .018861        .018544        .018094        .016745        .015324        .015090        .015290        .014304
        .012340        .010691        .009207        .006945        .004338        .002381        .000484       -.002301
       -.004883       -.005611       -.005246       -.005743       -.006861       -.006686       -.004926       -.003010
       -.001618       -.000460        .000230        .000356        .001193        .003637        .006191        .007049
        .007033        .008012        .009408        .009052        .006890        .004987        .004128        .003027
        .001043       -.000736       -.001693       -.002792       -.004697       -.006474       -.007128       -.007142
       -.007381       -.007469       -.006425       -.004275       -.002024       -.000360        .000739        .001569
        .002579        .004118        .005614        .005852        .004877        .004526        .005857        .007308
        .006923        .005267        .004282        .004255        .004069        .003688        .004066        .005039
        .005431        .005170        .005293        .005972        .006343        .006227        .006430        .007245
        .008054        .008411        .008372        .007888        .006893        .005880        .005512        .005738
        .005903        .005543        .004604        .003206        .001594        .000093       -.001259       -.002810
       -.004832       -.007068       -.008830       -.009516       -.009185       -.008628       -.008617       -.009015
       -.008986       -.008039       -.006530       -.005200       -.004653       -.005054       -.005694       -.005175
       -.002917       -.000386        .000221       -.001398       -.003308       -.003844       -.003436       -.003504
       -.004428       -.005380       -.005656       -.005471       -.005415       -.005578       -.005559       -.005338
       -.005693       -.007125       -.008660       -.008762       -.007606       -.007113       -.008053       -.008548
       -.006870       -.004393       -.003724       -.004631       -.004381       -.002090       -.000072       -.000182
       -.001185       -.001105       -.000186        .000224        .000188        .000717        .001734        .002251
        .002084        .001828        .001458        .000285       -.001659       -.003240       -.003493       -.002768
       -.002290       -.002735       -.003427       -.003226       -.002050       -.000929       -.000451        .000044
        .001235        .002638        .003333        .003176        .002681        .002266        .002321        .003281
        .004878        .005908        .005532        .004410        .003938        .004510        .005088        .004404
        .002424        .000442       -.000383       -.000286       -.000187       -.000098        .000664        .001733
        .001730        .000352       -.000976       -.001168       -.000797       -.000725       -.000823       -.000777
       -.000877       -.001286       -.001586       -.001745       -.002378       -.003519       -.004221       -.003942
       -.003438       -.003829       -.005403       -.007503       -.008891       -.008550       -.006761       -.005083
       -.004581       -.004674       -.004450       -.004114       -.004023       -.003515       -.002131       -.001053
       -.001419       -.002160       -.001405        .000604        .001959        .002008        .001927        .002590
        .003687        .004666        .005160        .004714        .003499        .002863        .003617        .004366
        .003338        .001277        .000473        .001109        .001128       -.000143       -.000931       -.000371
       -.000321       -.002306       -.004846       -.005796       -.005473       -.005465       -.005694       -.005041
       -.003852       -.003388       -.003375       -.002430       -.000616        .000627        .001043        .001764
        .003028        .003773        .003732        .003980        .005001        .005979        .006448        .006990
        .007830        .008100        .007390        .006800        .007521        .009088        .009947        .009445
        .008430        .007824        .007405        .006359        .004680        .003200        .002228        .001077
       -.000697       -.002472       -.003523       -.004067       -.004526       -.004617       -.003968       -.003139
       -.003043       -.003639       -.004009       -.003720       -.003368       -.003595       -.003975       -.003483
       -.001950       -.000462        .000051        .000009        .000190        .000140       -.001062       -.002772
       -.003087       -.001565       -.000019       -.000085       -.001318       -.002415       -.003187       -.004469
       -.006620       -.008838       -.009863       -.009274       -.007901       -.006750       -.005758       -.004268
       -.002359       -.000518        .001687        .004986        .008544        .010425        .010308        .010082
        .011293        .013388        .014924        .015296        .014860        .014193        .013614        .012954
        .011812        .010149        .008199        .005936        .003497        .001832        .001502        .001028
       -.001556       -.005527       -.008045       -.008255       -.008413       -.010153       -.012043       -.012123
       -.010842       -.009917       -.009677       -.009097       -.007637       -.005820       -.004351       -.003524
       -.003340       -.003708       -.004487       -.005544       -.006832       -.008406       -.010117       -.011287
       -.011254       -.010555       -.010676       -.011845       -.012113       -.009987       -.006961       -.005584
       -.005685       -.004822       -.002209        .000226        .000979        .000849        .001035        .001462
        .001992        .003344        .005463        .006555        .005339        .003136        .002058        .001931
        .000800       -.001861       -.004413       -.005697       -.006635       -.008322       -.009947       -.009966
       -.008569       -.007391       -.007034       -.006358       -.004561       -.002473       -.001072        .000164
        .002358        .005404        .008202        .010257        .011920        .013360        .014422        .015426
        .016837        .018067        .017897        .016409        .015245        .015354        .015598        .014440
        .011980        .009381        .007010        .004412        .001748       -.000130       -.001163       -.002376
       -.004229       -.005632       -.005523       -.004520       -.003858       -.003122       -.000709        .003292
        .006581        .007853        .008708        .010885        .013094        .012855        .010338        .008029
        .007091        .006539        .005729        .005208        .004947        .004097        .002652        .001402
        .000090       -.002089       -.004251       -.004550       -.003244       -.002443       -.002642       -.002117
       -.000265        .001392        .002047        .002724        .003749        .003835        .002760        .002371
        .003569        .004645        .003922        .002161        .000872        .000136       -.000541       -.000949
       -.001101       -.001862       -.003349       -.004069       -.003074       -.001487       -.000803       -.000835
       -.000488        .000524        .001794        .002957        .003438        .002587        .000787       -.000444
       -.000351        .000136       -.000042       -.000690       -.001229       -.001787       -.002737       -.003995
       -.005411       -.006831       -.007693       -.007598       -.007440       -.008619       -.010893       -.012505
       -.012761       -.012813       -.013464       -.013794       -.012956       -.011735       -.011136       -.010558
       -.008734       -.005863       -.003611       -.003047       -.003588       -.003977       -.003885       -.004059
       -.004946       -.005732       -.005274       -.003719       -.002423       -.002142       -.002254       -.001924
       -.001378       -.001484       -.002514       -.003775       -.004306       -.003776       -.002735       -.001765
       -.000536        .001800        .004928        .007121        .007429        .007129        .007934        .009548
        .010291        .009678        .008883        .008975        .009744        .010336        .010234        .009580
        .009018        .009056        .009365        .009221        .008562        .007925        .007072        .005029
        .001997       -.000168       -.000396       -.000033       -.000783       -.002017       -.001924       -.000323
        .001297        .002142        .002632        .002821        .002280        .001702        .002518        .004473
        .005412        .004462        .003369        .003582        .003883        .002505        .000001       -.001826
       -.002682       -.003501       -.004494       -.005200       -.005871       -.006956       -.007764       -.007376
       -.006414       -.006191       -.006546       -.006066       -.004322       -.002222       -.000513        .000762
        .001604        .002064        .002597        .003385        .003694        .002862        .001206       -.000621
       -.002463       -.004068       -.004767       -.004634       -.004871       -.006086       -.007386       -.007994
       -.008524       -.009488       -.010036       -.009396       -.008341       -.007923       -.007838       -.007235
       -.006110       -.004719       -.002823       -.000536        .000977        .000922        .000155        .000045
        .000838        .002020        .003313        .004430        .004699        .004043        .003382        .003267
        .003024        .002112        .001189        .000804        .000179       -.001406       -.003076       -.003514
       -.002971       -.002783       -.003460       -.004529       -.005674       -.006772       -.007368       -.007270
       -.007235       -.007896       -.008675       -.008729       -.008153       -.007135       -.005035       -.001804
        .000779        .001225        .000796        .001820        .004085        .005295        .004869        .004757
        .006081        .007357        .007012        .005764        .005193        .005443        .005559        .005219
        .004907        .004803        .004546        .003970        .003378        .003052        .002842        .002533
        .002373        .002857        .003848        .004343        .003607        .002241        .001525        .001971
        .003119        .004492        .005885        .006914        .007085        .006299        .004820        .002957
        .001170       -.000030       -.000821       -.002042       -.003854       -.005235       -.005543       -.005592
       -.006230       -.006874       -.006698       -.006306       -.006695       -.007352       -.007043       -.005989
       -.005470       -.005590       -.005202       -.004017       -.003007       -.002449       -.001311        .000831
        .002755        .003307        .003018        .003084        .003599        .003835        .003646        .003581
        .003902        .004408        .005071        .005926        .006389        .005691        .004147        .003084
        .003141        .003422        .002830        .001523        .000602        .000812        .002001        .003415
        .004158        .003796        .002842        .002269        .002359        .002438        .001978        .001271
        .000724        .000165       -.000591       -.001114       -.000970       -.000611       -.000836       -.001625
       -.002159       -.002032       -.001750       -.001828       -.002033       -.001955       -.001774       -.001849
       -.001826       -.001046        .000247        .000903        .000326       -.000723       -.001112       -.000612
        .000227        .000919        .001319        .001266        .000651       -.000278       -.001151       -.001958
       -.002901       -.003765       -.003959       -.003409       -.002869       -.003072       -.003720       -.003814
       -.002931       -.001733       -.001137       -.001290       -.001550       -.001370       -.000877       -.000599
       -.000551       -.000028        .001297        .002498        .002521        .001937        .002352        .003874
        .004820        .004328        .003643        .003841        .004144        .003818        .003879        .005105
        .006030        .005001        .002985        .001998        .002102        .002056        .001826        .002194
        .002895        .003225        .003533        .004211        .004406        .003403        .002175        .001880
        .002086        .002018        .002128        .002901        .003518        .003122        .002264        .001837
        .001981        .002729        .004231        .005747        .006097        .005618        .005852        .006878
        .007067        .005774        .004308        .003683        .003351        .002717        .002081        .001483
        .000305       -.001402       -.002529       -.002712       -.003144       -.004931       -.007484       -.009231
       -.009363       -.008397       -.007345       -.006796       -.006531       -.006019       -.005166       -.004486
       -.004303       -.004008       -.002727       -.000760        .000384       -.000190       -.001414       -.001677
       -.000910       -.000359       -.000596       -.001024       -.001286       -.001834       -.002808       -.003557
       -.003592       -.003378       -.003541       -.003973       -.004057       -.003520       -.002935       -.003355
       -.005088       -.006938       -.007335       -.006506       -.006240       -.007228       -.007962       -.007039
       -.005333       -.004792       -.005876       -.007254       -.007366       -.005837       -.003549       -.001720
       -.000675        .000336        .001791        .002917        .002924        .002507        .003034        .004373
        .005048        .004489        .003898        .004590        .006358        .007787        .007709        .006177
        .004330        .003372        .003517        .004031        .004251        .004201        .004153        .004153
        .000000        .000000        .000000        .000000        .000000        .000000        .000000        .000000
