STRT        1storey 1bay example
    4    4    0    1    1    1    2   -1                   1    0
    1        0.        0.
    2        5.        0.
    3        0.        3.
    4        5.        3.
    1    1    1    1    2    1
    1    2    3    4
    3     11.72                                     1.
    1    0 4400   0.010   99.810    1.                                10. 4
 4400    0    0    0   LEFL
 .000     .0000      .0058
    1    1    0    2    0    0    0    0    1    1    1    2    2    0
    3    4
    6    1    1    0    1    1    0         2
    1 200292.9 5250000.  2625000.0  4.   4.   2.   .030      .030

    1     28.00    500.00      0.12    500.00       1.0    1    0
     0.700     0.655     0.250     5.000     0.018
    107.17   -148.31   0.00453   0.18832   0.00488   0.14816
    173.30              211.65             1155.42 
    1                  57.5       47.9             57.5      -47.9
    1    3    4    0    1         1    1        1     1        1.
    6    2    1    0    1              0    2
    1 64000.   4800000.  2000000.   4.   4.   2.   .030      .030

    1     28.00    500.00      0.12    500.00       1.0    2    0
     0.400     0.351     0.400     3.000     0.018
      0.00    222.79    222.79    338.91    338.91   1843.09   1843.09   7372.38
   0.01268   0.01172   0.01080   0.00992   0.00914   0.00844   0.00792   0.00763
   0.19647   0.10132   0.08676   0.07435   0.06252   0.05494   0.04920   0.04438
    148.59              496.21              990.66              55.30
    1    1    3         1         1    1        1
    2    2    4         1         1    1        1
 STOP
 
