             0.01505 -0.01268
             0.01505 -0.01268
             0.00877 -0.00822
             0.00573 -0.00604
             0.00263 -0.00276
   1      5     1.40    -1.23      6     0.65    -0.82
   2      9     0.66    -0.94     10     0.41    -0.70
   3     13     0.15    -0.61     14     0.00    -0.61
   4     17     0.00    -0.21     18     0.00    -0.35
   5      6     1.29    -0.81      7     1.06    -0.84
   6     10     0.76    -0.69     11     0.77    -0.68
   7     14     0.34    -0.53     15     0.36    -0.52
   8     18     0.00    -0.25     19     0.00    -0.25
   9      7     0.72    -0.79      8     1.05    -1.44
  10     11     0.40    -0.71     12     0.68    -0.93
  11     15     0.00    -0.62     16     0.17    -0.60
  12     19     0.00    -0.35     20     0.00    -0.27
   1      1     1.13    -1.23      5     0.66    -0.80
   2      5     0.88    -0.40      9     0.55    -1.18
   3      9     0.75    -0.19     13     0.30    -0.85
   4     13     0.50     0.00     17     0.00    -0.60
   5      4     0.97    -1.41      8     0.85    -0.59
   6      8     0.39    -0.83     12     1.28    -0.56
   7     12     0.21    -0.72     16     0.83    -0.32
   8     16     0.00    -0.50     20     0.59     0.00
   1      2     1.13    -1.51      6     1.16    -0.84
   2      6     0.97    -1.47     10     1.66    -1.08
   3     10     0.65    -0.96     14     1.00    -0.73
   4     14     0.14    -0.41     18     0.49    -0.18
   5      3     1.27    -1.43      7     0.92    -0.99
   6      7     1.40    -0.99     11     1.23    -1.52
   7     11     0.98    -0.61     15     0.69    -1.06
   8     15     0.42    -0.13     19     0.17    -0.51
   1     25     1.27    -1.14     26     0.61    -0.81
   2     29     0.58    -0.91     30     0.33    -0.65
   3     33     0.06    -0.55     34     0.00    -0.55
   4     37     0.00    -0.18     38     0.00    -0.30
   5     26     1.38    -0.81     27     1.12    -0.85
   6     30     0.80    -0.71     31     0.82    -0.70
   7     34     0.36    -0.55     35     0.40    -0.53
   8     38     0.00    -0.28     39     0.00    -0.27
   9     27     0.68    -0.77     28     0.98    -1.36
  10     31     0.32    -0.66     32     0.59    -0.90
  11     35     0.00    -0.56     36     0.08    -0.54
  12     39     0.00    -0.30     40     0.00    -0.23
   1     21     1.14    -1.23     25     0.66    -0.80
   2     25     0.87    -0.37     29     0.51    -1.09
   3     29     0.68    -0.14     33     0.24    -0.79
   4     33     0.43     0.00     37     0.00    -0.52
   5     24     0.97    -1.41     28     0.85    -0.58
   6     28     0.35    -0.83     32     1.19    -0.50
   7     32     0.16    -0.66     36     0.77    -0.27
   8     36     0.00    -0.43     40     0.52     0.00
   1     22     1.12    -1.51     26     1.12    -0.84
   2     26     0.96    -1.41     30     1.61    -1.03
   3     30     0.61    -0.91     34     0.96    -0.69
   4     34     0.10    -0.37     38     0.45    -0.14
   5     23     1.25    -1.43     27     0.91    -0.97
   6     27     1.36    -0.97     31     1.18    -1.47
   7     31     0.95    -0.57     35     0.65    -0.99
   8     35     0.38    -0.09     39     0.12    -0.46
