STRT        4-STOREY BUILDING FRAME INFILLED (GREEK PD84) TOIXOI 10 cm
   40   24    8    2    4    4    7   -1                   1    0
    1        0.        0.
    2        6.        0.
    3       10.        0.
    4       16.        0.
    5        0.       4.5
    6        6.       4.5
    7       10.       4.5
    8       16.       4.5
   17        0.      13.5
   18        6.      13.5
   19       10.      13.5
   20       16.      13.5
   21        0.        0.
   22        6.        0.
   23       10.        0.
   24       16.        0.
   25        0.       4.5
   26        6.       4.5
   27       10.       4.5
   28       16.       4.5
   37        0.      13.5
   38        6.      13.5
   39       10.      13.5
   40       16.      13.5   
    5   17    2    4        3.
    6   18    2    4        3.
    7   19    2    4        3.
    8   20    2    4        3.
   25   37    2    4        3.
   26   38    2    4        3.
   27   39    2    4        3.
   28   40    2    4        3.
    1    1    1    1    4    1
   21    1    1    1   24    1
    1    8    5    6    7    8   25   26   27   28
    1    8    9   10   11   12   29   30   31   32
    1    8   13   14   15   16   33   34   35   36
    1    8   17   18   19   20   37   38   39   40
    5     131.14                                     1.
    9     122.82
   13     120.74
   17     94.24
    1   32 4400   0.010    9.810    1.                                10. 4
    5           -54.2
    6           -63.0
    7           -63.0 
    8           -54.2 
    9           -44.0 
   10           -52.8 
   11           -52.8
   12           -44.0 
   13           -41.4 
   14           -50.3 
   15           -50.3 
   16           -41.4 
   17           -20.4 
   18           -38.3 
   19           -38.3 
   20           -20.4 
   25           -54.2
   26           -63.0
   27           -63.0 
   28           -54.2 
   29           -44.0 
   30           -52.8 
   31           -52.8
   32           -44.0 
   33           -41.4 
   34           -50.3 
   35           -50.3 
   36           -41.4 
   37           -20.4 
   38           -38.3 
   39           -38.3 
   40           -20.4 
 4400    0    0    0   ACCELEROGRAM
 .000     .0000      .0058
    2    0    0    0    0    0    4    0    2    2    2    2    2    0
    5    1    9    5   13    9   17   13
    6   12    1    0    8    4    0         2
    1 135315.  4375000.             4.   4.   2.   .050      .050

    1  18.4      440.0     .12       440.0        1.       1    0 
    .70   .632      .25       6.00      .016
156.02    -257.17   .00458    .19914    .00504    .07057
141.55              228.48              830.65
    2  18.4      440.0     .12       440.0        1.       1    0 
    .70   .632      .25       6.00      .014
153.26    -315.98   .00450    .19221    .00553    .06070
141.55              238.86              830.65
    3  18.4      440.0     .12       440.0        1.       1    0 
    .70   .632      .25       6.00      .016
136.67    -219.71   .00458    .19948    .00495    .07573
141.55              210.20              830.65
    4  18.4      440.0     .12       440.0        1.       1    0 
    .70   .632      .25       6.00      .016
136.53    -284.78   .00457    .19940    .00542    .06275
141.55              228.48              830.65
    5  18.4      440.0     .12       440.0        1.       1    0 
    .70   .632      .25       6.00      .016
136.58    -243.40   .00458    .19952    .00501    .06776
141.55              218.96              830.65
    6  18.4      440.0     .12       440.0        1.       1    0 
    .70   .632      .25       4.00      .014
153.26    -315.98   .00450    .19221    .00553    .06070
141.55              238.86              830.65
    7  18.4      440.0     .12       440.0        1.       1    0 
    .70   .632      .25       4.00      .016
136.53    -284.78   .00457    .19940    .00542    .06275
141.55              228.48              830.65
    8  18.4      440.0     .12       440.0        1.       1    0 
    .70   .632      .25       4.00      .016
136.58    -243.40   .00458    .19952    .00501    .06776
141.55              218.96              830.65
    1                  83.4       83.4             83.4      -83.4
    2                  71.4       71.4             71.4      -71.4
    3                  37.6       25.1             37.6      -25.1
    4                  29.6       19.7             29.6      -19.7
    1    5    6         1         1    2              1        1.
    2    9   10         1         3    4              1        1.
    3   13   14         1         3    5              1        1.
    4   17   18         1         4    5              2        1.
    5    6    7         1         6    6              3        1.
    6   10   11         1         7    7              3        1.
    7   14   15         1         8    8              3        1.
    8   18   19         1         8    8              4        1.
    9    7    8         1         2    1              1        1.
   10   11   12         1         4    3              1        1.
   11   15   16         1         5    3              1        1.
   12   19   20         1         5    3              2        1.
    6    8    3    0    3              0    2
    1 68344.   5062500.             4.   4.   2.   .040      .040

    2 42667.   4000000.             4.   4.   2.   .040      .040

    3 25010.   3062500.             4.   4.   2.   .040      .040

    1  18.4      440.0     .12       440.0        1.       2    0 
    .45   .382      .45       4.50      .020
466.84    170.76    170.76    272.46    272.46    1299.30   1299.30   5197.10
.00930    .01018    .01029    .01026    .01023    .01035    .01028    .01028
.22885    .10423    .07978    .06810    .06077    .05419    .05032    .04645
158.28              244.83              928.82              42.53
    2  18.4      440.0     .12       440.0        1.       2    0 
    .40   .332      .40       3.00      .018
332.14    119.63    119.63    185.63    185.63    1052.00   1052.00   4208.10
.01068    .01154    .01160    .01153    .01144    .01151    .01152    .01150
.28593    .12814    .09845    .08434    .07517    .06717    .06237    .05758
123.54              214.98              724.93              39.86
    3  18.4      440.0     .12       440.0        1.       2    0 
    .35   .282      .35       3.00      .018
207.83    97.93     97.93     134.67    134.67    871.10    871.10    3484.30
.01285    .01379    .01366    .01349    .01333    .01360    .01352    .01349
.29885    .14683    .11737    .10593    .09558    .08379    .07780    .07182
93.08               185.12              546.22              21.48
    1    1    5         1         1    1
    2    5    9         2         2    2
    3    9   13         3         3    3
    4   13   17         3         3    3
    5    4    8         1         1    1
    6    8   12         2         2    2
    7   12   16         3         3    3
    8   16   20         3         3    3
    6    8    4    0    4              0    2
    1 83333.   5000000.             4.   4.   2.   .040      .040

    2 53156.   3937500.             4.   4.   2.   .040      .040

    3 45563.   3375000.             4.   4.   2.   .040      .040

    4 32000.   3000000.             4.   4.   2.   .040      .040

    1  18.4      440.0     .12       440.0        1.       2    0 
    .50   .432      .40       4.50      .016
683.16    212.93    212.93    323.56    323.56    1325.10   1325.10   5300.50
.00860    .00919    .00927    .00939    .00941    .00949    .00939    .00942
.13857    .08235    .07139    .06142    .05026    .04424    .04108    .03792
157.85              274.69              926.30              54.65
    2  18.4      440.0     .12       440.0        1.       2    0 
    .45   .382      .35       3.00      .018
496.26    136.62    136.62    212.42    212.42    1041.90   1041.90   4167.50
.00935    .01019    .01023    .01015    .01006    .01017    .01015    .01013
.23765    .10745    .08245    .07132    .06360    .05663    .05259    .04854
123.11              244.83              722.41              51.28
    3  18.4      440.0     .12       440.0        1.       2    0 
    .45   .382      .30       3.00      .018
319.37    143.15    143.15    192.84    192.84    872.10    872.10    3488.40
.01003    .01009    .01013    .01009    .01003    .01012    .01009    .01008
.16483    .07649    .06119    .05402    .04754    .04201    .03901    .03601
105.52              163.22              619.21              27.68
    4  18.4      440.0     .12       440.0        1.       2    0 
    .40   .332      .30       3.00      .018
144.26    122.09    122.09    156.54    156.54    800.80    800.80    3203.20
.01156    .01163    .01159    .01154    .01145    .01160    .01154    .01153
.18187    .08697    .07209    .06408    .05663    .05010    .04652    .04294
92.65               143.32              543.70              12.50
    1    2    6         1         1    1
    2    6   10         2         2    2
    3   10   14         3         3    3
    4   14   18         4         4    4
    5    3    7         1         1    1
    6    7   11         2         2    2
    7   11   15         3         3    3
    8   15   19         4         4    4
    6   12    1    0    8    4    0         2
    1 135315.  4375000.             4.   4.   2.   .050      .050

    1  18.4      440.0     .12       440.0        1.       1    0 
    .70   .632      .25       6.00      .016
156.02    -257.17   .00458    .19914    .00504    .07057
141.55              228.48              830.65
    2  18.4      440.0     .12       440.0        1.       1    0 
    .70   .632      .25       6.00      .014
153.26    -315.98   .00450    .19221    .00553    .06070
141.55              238.86              830.65
    3  18.4      440.0     .12       440.0        1.       1    0 
    .70   .632      .25       6.00      .016
136.67    -219.71   .00458    .19948    .00495    .07573
141.55              210.20              830.65
    4  18.4      440.0     .12       440.0        1.       1    0 
    .70   .632      .25       6.00      .016
136.53    -284.78   .00457    .19940    .00542    .06275
141.55              228.48              830.65
    5  18.4      440.0     .12       440.0        1.       1    0 
    .70   .632      .25       6.00      .016
136.58    -243.40   .00458    .19952    .00501    .06776
141.55              218.96              830.65
    6  18.4      440.0     .12       440.0        1.       1    0 
    .70   .632      .25       4.00      .014
153.26    -315.98   .00450    .19221    .00553    .06070
141.55              238.86              830.65
    7  18.4      440.0     .12       440.0        1.       1    0 
    .70   .632      .25       4.00      .016
136.53    -284.78   .00457    .19940    .00542    .06275
141.55              228.48              830.65
    8  18.4      440.0     .12       440.0        1.       1    0 
    .70   .632      .25       4.00      .016
136.58    -243.40   .00458    .19952    .00501    .06776
141.55              218.96              830.65
    1                  83.4       83.4             83.4      -83.4
    2                  71.4       71.4             71.4      -71.4
    3                  37.6       25.1             37.6      -25.1
    4                  29.6       19.7             29.6      -19.7
    1   25   26         1         1    2              1        1.
    2   29   30         1         3    4              1        1.
    3   33   34         1         3    5              1        1.
    4   37   38         1         4    5              2        1.
    5   26   27         1         6    6              3        1.
    6   30   31         1         7    7              3        1.
    7   34   35         1         8    8              3        1.
    8   38   39         1         8    8              4        1.
    9   27   28         1         2    1              1        1.
   10   31   32         1         4    3              1        1.
   11   35   36         1         5    3              1        1.
   12   39   40         1         5    3              2        1.
    6    8    3    0    3              0    2
    1 68344.   5062500.             4.   4.   2.   .040      .040

    2 42667.   4000000.             4.   4.   2.   .040      .040

    3 25010.   3062500.             4.   4.   2.   .040      .040

    1  18.4      440.0     .12       440.0        1.       2    0 
    .45   .382      .45       4.50      .020
466.84    170.76    170.76    272.46    272.46    1299.30   1299.30   5197.10
.00930    .01018    .01029    .01026    .01023    .01035    .01028    .01028
.22885    .10423    .07978    .06810    .06077    .05419    .05032    .04645
158.28              244.83              928.82              42.53
    2  18.4      440.0     .12       440.0        1.       2    0 
    .40   .332      .40       3.00      .018
332.14    119.63    119.63    185.63    185.63    1052.00   1052.00   4208.10
.01068    .01154    .01160    .01153    .01144    .01151    .01152    .01150
.28593    .12814    .09845    .08434    .07517    .06717    .06237    .05758
123.54              214.98              724.93              39.86
    3  18.4      440.0     .12       440.0        1.       2    0 
    .35   .282      .35       3.00      .018
207.83    97.93     97.93     134.67    134.67    871.10    871.10    3484.30
.01285    .01379    .01366    .01349    .01333    .01360    .01352    .01349
.29885    .14683    .11737    .10593    .09558    .08379    .07780    .07182
93.08               185.12              546.22              21.48
    1   21   25         1         1    1
    2   25   29         2         2    2
    3   29   33         3         3    3
    4   33   37         3         3    3
    5   24   28         1         1    1
    6   28   32         2         2    2
    7   32   36         3         3    3
    8   36   40         3         3    3
    6    8    4    0    4              0    2
    1 83333.   5000000.             4.   4.   2.   .040      .040

    2 53156.   3937500.             4.   4.   2.   .040      .040

    3 45563.   3375000.             4.   4.   2.   .040      .040

    4 32000.   3000000.             4.   4.   2.   .040      .040

    1  18.4      440.0     .12       440.0        1.       2    0 
    .50   .432      .40       4.50      .016
683.16    212.93    212.93    323.56    323.56    1325.10   1325.10   5300.50
.00860    .00919    .00927    .00939    .00941    .00949    .00939    .00942
.13857    .08235    .07139    .06142    .05026    .04424    .04108    .03792
157.85              274.69              926.30              54.65
    2  18.4      440.0     .12       440.0        1.       2    0 
    .45   .382      .35       3.00      .018
496.26    136.62    136.62    212.42    212.42    1041.90   1041.90   4167.50
.00935    .01019    .01023    .01015    .01006    .01017    .01015    .01013
.23765    .10745    .08245    .07132    .06360    .05663    .05259    .04854
123.11              244.83              722.41              51.28
    3  18.4      440.0     .12       440.0        1.       2    0 
    .45   .382      .30       3.00      .018
319.37    143.15    143.15    192.84    192.84    872.10    872.10    3488.40
.01003    .01009    .01013    .01009    .01003    .01012    .01009    .01008
.16483    .07649    .06119    .05402    .04754    .04201    .03901    .03601
105.52              163.22              619.21              27.68
    4  18.4      440.0     .12       440.0        1.       2    0 
    .40   .332      .30       3.00      .018
144.26    122.09    122.09    156.54    156.54    800.80    800.80    3203.20
.01156    .01163    .01159    .01154    .01145    .01160    .01154    .01153
.18187    .08697    .07209    .06408    .05663    .05010    .04652    .04294
92.65               143.32              543.70              12.50
    1   22   26         1         1    1
    2   26   30         2         2    2
    3   30   34         3         3    3
    4   34   38         4         4    4
    5   23   27         1         1    1
    6   27   31         2         2    2
    7   31   35         3         3    3
    8   35   39         4         4    4
    5   12    1    0
    1         1         1       1.5     1.     .15        .1
    1   21   22   26   25         1    0         0        1.
    2   25   26   30   29         1    0         0        1.
    3   29   30   34   33         1    0         0        1.
    4   33   34   38   37         1    0         0        1.
    5   22   23   27   26         1    0         0        1.
    6   26   27   31   30         1    0         0        1.
    7   30   31   35   34         1    0         0        1.
    8   34   35   39   38         1    0         0        1.
    9   23   24   28   27         1    0         0        1.
   10   27   28   32   31         1    0         0        1.
   11   31   32   36   35         1    0         0        1.
   12   35   36   40   39         1    0         0        1.
 STOP
 
