 Input file: fr484i  
        4-STOREY BUILDING FRAME INFILLED (GREEK PD84) TOIXOI 10 cm          

 Critical interstorey drift = 10.0%
 Horizontal acceleration scaling factor =  9.8100
 X Input motion file: LEFL_7  
 

Analysis stopped at time =  44.0000s

        INTERSTOREY DRIFTS %   (h=3.0m)
              5              1       0.501626
              9              5       0.292473
             13              9       0.201430
             17             13       0.091943


     FINAL DAMAGE INDICES

         ELEMENT        PLASTIC            SHEAR CAPACITY
         NUMBER         ROTATION         VR3            VR2

                    THETAmax/THETAav     maximum / available
 

 Element group 1 - R.C. BEAM ELEMENTS (TYPE 6)

            1           0.0426         0.4347         0.2578
            2           0.0000         0.3933         0.2220
            3           0.0000         0.3472         0.1880
            4           0.0000         0.2629         0.1424
            5           0.0066         0.4022         0.2400
            6           0.0000         0.3309         0.1913
            7           0.0000         0.2501         0.1385
            8           0.0000         0.1208         0.0654
            9           0.0816         0.4278         0.2545
           10           0.0000         0.3922         0.2234
           11           0.0000         0.3499         0.1895
           12           0.0000         0.2639         0.1429

 Element group 2 - R.C. BEAM ELEMENTS (TYPE 6)

            1           0.0395         0.2360         0.1155
            2           0.0241         0.2554         0.1575
            3           0.0000         0.1973         0.1357
            4           0.0000         0.1402         0.0937
            5           0.0712         0.2273         0.1193
            6           0.0373         0.2530         0.1539
            7           0.0000         0.1917         0.1311
            8           0.0000         0.1379         0.0922

 Element group 3 - R.C. BEAM ELEMENTS (TYPE 6)

            1           0.1323         0.2919         0.1642
            2           0.1149         0.3095         0.2047
            3           0.0000         0.3690         0.2148
            4           0.0000         0.1616         0.0926
            5           0.1117         0.3069         0.1623
            6           0.0906         0.3108         0.2043
            7           0.0135         0.3729         0.2176
            8           0.0000         0.1666         0.0957

 Element group 4 - R.C. BEAM ELEMENTS (TYPE 6)

            1           0.0267         0.4339         0.2569
            2           0.0000         0.3848         0.2155
            3           0.0000         0.3336         0.1807
            4           0.0000         0.2534         0.1373
            5           0.0087         0.4040         0.2410
            6           0.0000         0.3385         0.1957
            7           0.0000         0.2573         0.1426
            8           0.0000         0.1311         0.0710
            9           0.0673         0.4234         0.2517
           10           0.0000         0.3844         0.2161
           11           0.0000         0.3356         0.1817
           12           0.0000         0.2535         0.1373

 Element group 5 - R.C. BEAM ELEMENTS (TYPE 6)

            1           0.0398         0.2363         0.1157
            2           0.0117         0.2545         0.1568
            3           0.0000         0.1800         0.1242
            4           0.0000         0.1210         0.0809
            5           0.0709         0.2265         0.1190
            6           0.0251         0.2511         0.1536
            7           0.0000         0.1751         0.1202
            8           0.0000         0.1195         0.0799

 Element group 6 - R.C. BEAM ELEMENTS (TYPE 6)

            1           0.1321         0.2913         0.1641
            2           0.1067         0.3081         0.2045
            3           0.0000         0.3508         0.2052
            4           0.0000         0.1457         0.0838
            5           0.1096         0.3045         0.1610
            6           0.0814         0.3100         0.2041
            7           0.0000         0.3636         0.2132
            8           0.0000         0.1501         0.0865


 Element group 7 - INFILL PANEL ELEMENTS (TYPE 5)

  ELEMENT      GREATEST  ABSOLUTE              SHEAR STRAIN RATIOS
  NUMBER      SHEAR STRESS (kN/m2)   GREATEST/CRACKING    GREATEST/MAX

     1               269.01                 4.6996            1.0340
     2               245.21                 3.4336            0.7555
     3               214.81                 2.3397            0.5148
     4               182.13                 0.9613            0.2115
     5               270.54                 4.7040            1.0350
     6               248.61                 3.5818            0.7881
     7               218.87                 2.3799            0.5236
     8               188.95                 0.9973            0.2194
     9               270.15                 4.6995            1.0340
    10               247.79                 3.5463            0.7803
    11               218.24                 2.2560            0.4964
    12               175.34                 0.9254            0.2036
